# mpmath dps=60 tau=1.5 G=16 Gp=17 F=1.121298e-29 iters=91
0.0600000000000000428823643261466713738627731800079345703126098 0.00724495587712504499298786683634029083759461191729730711840596 0.0136063981386313586458564080254709791695698946965076998931195 0.0266925988207321554967356764278273753164509067294111964783615 0.0526639906747335537432945473998584192880672108394086856561779 0.10150669080273658612512716785906590448134023054659096840359 0.186992296216228804459254839975953435408285682953789885877974 0.31959275692327454775065151091204815894467606592298585450686 0.491792619041438118231168316403232989358886511492171706982502 0.605317692117247528977403502121120859447102708061820529323208 0.693837096938776511987955662455307692512441426171288030472879 0.773978733266401799359426243439005925267407756416079860071102 0.844745730011224702563913574946823719946472291284704815286166 0.9090391422482029802950972922972436879808691708058169661686 0.96037713010022895849958476067701882192288742463376195183163 0.986785141820662542053840225145819327976892833492727148565619 0.0600000000000000428823643261466713738627731800079345703121594
0.118666666666666691110076925497196498326957225799560546875262 0.00776845344381015156075152263132078832970985278229007476652724 0.014845885351431295351551593635728771328074759834880498768897 0.0288038224660044419953788772249145311214577886552549185658665 0.0558230551889537225557952291329518627766473595994690973106079 0.105945394302265629141125015631705959365380546213425110674045 0.192452112392428810743961729817245099670480501947590332691341 0.324837029434591053609480206886468658300722090693006460260252 0.494395073485955343418098215434813719075269288244356472892441 0.652476333700652529796710494861287835340956304315190493910933 0.767477606010808386806640158168773733940504088338520103350424 0.833273122311457724525729583205161098067785829346597144680666 0.886824186353145852811206729906941954956483709236535574648483 0.930963190589115389306443749023482261555674957640533591425774 0.96643792475735393508821170955423247994950636684695552670166 0.987712199219129196335570848271905824286843935766481367017752 0.11866666666666669111007692549719649832695722579956054687443
0.177333333333333356685024284615792566910386085510253906250414 0.00811138426875353533514632858738133859969039753016277817066739 0.0156215908469869078610368606831115996922550592925161977721527 0.0300681308932929157472579481468166885742134864001945886075093 0.0576649251026328708196672482108931013462434668166962216691446 0.108426771029093199195367495422277566033407990904667187160761 0.19539050365049927459373572996874337799698057354461569165796 0.327541781801369046225149653859274166676002369813923343462566 0.495763048467028555536074853477783203085145592206185257423068 0.655625704687195428854279772684695418090774440111506593965849 0.78495946809947940644321817457804584129348328993204341054868 0.863188610775243008631181370248569478914475254804570146696693 0.907409739336868558898842641657071529159278341294787279254073 0.942471586738458951467977452068646881824553984537073108722152 0.970245728952256182199224969983502411735919369739977759671445 0.988310320559435735395170598281456229634191888172516389810469 0.177333333333333356685024284615792566910386085510253906249255
0.236000000000000001443289932012703502550721168518066406250559 0.00838991616105235240464723746549756783350172194814324508449667 0.0162378274860171651253568023823484314641462971973314774067158 0.0310433452485972554503860241197111019598825021026985924283301 0.0590610631948486654947938945574092374984504357805696313482412 0.110280339185124039864693755638398237460079423334390057240763 0.19755473623749637035471988156002528458905631297601086692131 0.329517558463589359786578083383069719691829986482178013216827 0.496772310021611018073006711250376264622460560070391942225222 0.657747628315828375813500967018653216741560952511220787715004 0.787872788516841200414397602327730437719625174258728737785078 0.875778143079550009420646982551319290550041073296516715469176 0.920545152167413918887429990779468339816753480842979735321689 0.950092525020164782492850535644178685727576425946420008750301 0.973062385253911238362404006415263719688631539761521504313069 0.988781602132690344344971150665784644451355156547518717484026 0.23600000000000000144328993201270350255072116851806640624913
0.29466666666666666007934338722407119348645210266113281250069 0.00864194719527011827547246655389266680830729349073737205386998 0.0167889450895533874529085726940374933347264545511155314807464 0.031884865015136234851833375560294451318562618726207153619311 0.0602415076577026345009051585246069052165767773048767171720545 0.111826970867788091871200073108608912049499408997652686532782 0.19935330229662956816057429525791293686323754019433855022714 0.331150401195014466036323193424240639828744817900427702241638 0.497608066332453250387964323939151334804542933364838652084255 0.65944566074134035680513979922222701106514306642187398490188 0.789971366105470775221080926363962936309132178377276057564671 0.878312391077980321228835658391273366478014569269850197147672 0.930433904452767214885344982869394468789009354465395554066237 0.955758984594509361526856339363033189171572402258642654684972 0.97532664474235384755317227345448506738832717736668281024656 0.989188748706158035252254855481357736249346429778806271782598 0.294666666666666660079343387224071193486452102661132812499047
0.353333333333333304837609034620982129126787185668945312500802 0.00889024817993232517817137272616923423398276024004188737884819 0.0173258475356826538632225135915625529198519926932378433643944 0.0326683930186949784235924537595988469140290100859658489090401 0.0613087158371187933022512994965237930089780542457476293728755 0.113213918254816924271891426470995451580758140213195027185334 0.200939513164784245823187776079457763817423852202573178239934 0.332587494668668464414998446881809451600327245539500052559609 0.498345049522441422304054804524042774399398706780378112008066 0.660919979448114995336308938286933450305772810223997825054884 0.79171698987311010181062534507978105087063191353583256897904 0.880104229764919469293485234109966620396261986939357718952653 0.93289223649049641102401156968383979146573232472012603013822 0.960771996544713238300938922317282051763900987616704241913554 0.977249830108527947539745224366543116548988796761301418382624 0.989559920207842352148693254140325269344998450141285466826867 0.353333333333333304837609034620982129126787185668945312498997
0.411999999999999949595874682017893064767122268676757812500895 0.00915248721782700211093101205929553695803337444756502667273215 0.0178962727253060206834358774437278362518473139652568905185093 0.0334443788049402856607933123056289667675640628825855160147937 0.0623272857351965867151629502587098604553318167928207951078454 0.114513089780764034875318775701054227850693545496407604272538 0.202418561667086262334121078180640154747437897340741573988454 0.333914125225657695047700997042843658850424539469616636308491 0.49902715284759097041106374310544134512160076988610507307729 0.662271276225192402144267807622539364603761128236155623300138 0.793276276247452825157230733554791332579035296637237690838672 0.881597975644076945416950547356247080990489242766275833414885 0.934387487912634387373610011580969256286923906097620442855957 0.96346056244451906693043581793743930865671998922367904840234 0.979013651456705254441611267604066484634749929581865684730353 0.98991074374297656779525350024508507016302342227883010014922 0.411999999999999949595874682017893064767122268676757812498979
0.470666666666666677620867176301544532179832458496093750000964 0.0094384636022619883701971892813593217841217956746570903688842 0.0185813604391115040649509149420818618320854184864789165952569 0.034267229580531425036539198485519706275129134454396083035305 0.0633440280636555322174490015228512839492061953954929228546037 0.11577525706011737911730427807798744832473993701330580057909 0.203845654089522804272493357096390329151246977916864197793882 0.33518622794472350172255655787035590857161783816915183103972 0.499678419709594748208202275968840638859802066846773207551862 0.663555350349711206192500251910713028237537806016295716692232 0.794733924402566581043718828343902408806937165048239676679088 0.882945159154688224372904813258566633976103099552782816698991 0.935586917069524847084159188010603163373696528713220062145063 0.964772613849431285782580252346075894994555057915096830292272 0.980467279423187949273369667621217161680664834496325854430187 0.990248349146811924431142776961973650246643003057878784520973 0.470666666666666677620867176301544532179832458496093749998997
0.529333333333333322379132823698455467820167541503906250001003 0.00975165085318807556885722303802634975335699694212121547902663 0.0195327205768120507266303323787828383193351655036741455698132 0.0352273861505687142174197476539241050054449420849031697077277 0.0644130829304751529158408119893968366263034712867799378549367 0.117054840845311775627095186741433366023896900447217183301009 0.205266075597433418956281171656097591193062834951760323320912 0.336444649650288793807499748089286971762462193983704283307768 0.500321580290405251791797724031159361140197933153226792448138 0.66481377205527649827744344212964409142838216183084816896028 0.796154345910477195727506642903609670848753022083135802206118 0.88422474293988262088269572192201255167526006298669419942091 0.936655971936344467782550998477148716050793804604507077145396 0.965732770419468574963460801514480293724870865545603916964695 0.981418639560888495935049085057918138167914581513521083404743 0.990561536397738011629802810718640678215878204325342909631116 0.529333333333333322379132823698455467820167541503906249999036
0.588000000000000050404125317982106935232877731323242187501021 0.0100892562570234322047464997549149298369765777211698998507797 0.0209863485432947455583887323959335153652500704181343152696468 0.0365394375554809330695641820625606913432800107763209515976603 0.0656125120873656126263899884190307437130760939023795571440434 0.118402024355923054583049452643752919009510757233724166585115 0.206723723752547174842769266445208667420964703362762309161328 0.337728723774807597855732192377460635396238871763844376699862 0.50097284715240902958893625689455865487839923011389492692271 0.666085874774342304952299002957156341149575460530383363691509 0.797581438332913737665878921819359845252562102659258426011546 0.885486910219235965124681224298945772149306454503592395727462 0.937672714264803413284837049741290139544668183207179204892155 0.966555621195059714339206687694371033232435937117414483985206 0.982103727274693979316564122556272163748152686034743109481491 0.990847512782172997889068987940704463041966625552434973327268 0.588000000000000050404125317982106935232877731323242187499105
0.646666666666666695162390965379017870873212814331054687501003 0.0104400797921576478513067458596747306550015498587145331731329 0.0227501698914720524602547756334568834510112032386985816173756 0.0392280034552867616990610776827179482360990123832957580864462 0.0671077635095035889759884303161602085342676752798739698617801 0.119895770235080530706514765890033379603738013060642281047347 0.20828301012688989818937465492021894912936808646416743102096 0.339080020551885004663691061713066549694227189776002174945116 0.501654950477558577695945195475957225600601293219621887991934 0.667412505331331535585001553118190548399672754460499947440391 0.799060486835215754176812223920542236182576147797426821760066 0.886786081745183075728108573529004548419241859786804972814666 0.938691284162881206697748700503476206991021945754252370627124 0.96733160698130502157640754624040115308597098991403415109096 0.982674152464317346136777486408437447080148007306762156635606 0.991109751820067674821828627273830765766017239759958112621152 0.646666666666666695162390965379017870873212814331054687499198
0.705333333333333339920656612775928806513547897338867187500953 0.0108112512938419647477451445186422637506535702211937282174018 0.0246733552576461524468277265455149326116728226333171897534395 0.0442410154054906384731436606369668108284275977413573453150278 0.0695660955472327851146550171306055312109906455346044459337632 0.121687608922019678771164341608726633521985430730149802852328 0.210028633894529224778919073636037063690867821622723942435329 0.34055433925865964319486020077777298893485693357812601509812 0.502391933667546749612035676060848665195457066635161347915744 0.668849598804985533963676806575759360171255182099572297758362 0.80064669770337043183942570474208706313676245980566144977286 0.888173029132211908128799926891391087950500591002347313467218 0.939758492342297365499094841475393094783423222695123282827946 0.968115134984863765148166624439705548681437381273792846380689 0.983211054910446612547091427305962506665273545448884468519254 0.99135805280472988172452753344610733319169270650926262794613 0.70533333333333333992065661277592880651354789733886718749931
0.76399999999999999855671006798729649744927883148193359375087 0.0112183978673096556550288493342153555486448434524812825159739 0.0269376147460887616375959935847362803113684602384784956869308 0.0499074749798352175071494643558213142724235740535799912496991 0.0794548478325860811125700092205316601832465191570202646783114 0.124221856920449990579353017448680709449958926703483284530824 0.212127211483158799585602397672269562280374825741271262214922 0.342252371684171624186499032981346783258439047488779212284996 0.503227689978388981926993288749623735377539439929608057774778 0.670482441536410640213421916616930280308170013517821986783173 0.80244526376250362964528011843997471541094368702398913307869 0.889719660814875960135306244361601762539920576665609942759237 0.940938936805151334505206105442590762501549564219430368651759 0.96895665475140274454961397588028889804011749789730140757167 0.983762172513982834874643197617651568535853702802668522593284 0.991610083838947647595352762534502432166498278051856754915503 0.763999999999999998556710067987296497449278831481933593749441
0.822666666666666643314975715384207433089613914489746093750745 0.0116896794405642646048294017185437703658081118274836101895309 0.0297542710477438178007750300164975882640806302600222403285551 0.057528413261541048532022547931353118175446015462926891277848 0.0925902606631314411011573583429284708407216587052127207459268 0.136811389224756991368818629751430521085524745195429853303307 0.21504053190052059355678182542195415870651671006795658945132 0.344374295312804571145720227315304581909225559888493406034151 0.504236951532971444463925146522216796914854407793814742576932 0.672458218198630953774850346140725833323997630186076656537434 0.80460949634950072540626427003125662200301942645538430834204 0.891573228970906800804632504577722433966592009095332812839239 0.942335074897367129180332751789106898653756533183303778330855 0.969931869106707084252742051853183311425786513599805411392491 0.984378409153013092138963139316888400307744940707483802227847 0.991888615731246464664853671412618661400309602469837221829333 0.822666666666666643314975715384207433089613914489746093749586
0.88133333333333330888992307450280350167304277420043945312557 0.012287800780870803664429151728094175713156064233518632982248 0.0335620752426460649117882904457675200504936331530444732983397 0.069036809410884610693556250976517738444325042359466408574226 0.113175813646854147188793270093058045043516290763464425351517 0.166726877688542275474270416794838901932214170653402855319334 0.232522393989191613193359841831226266059495911661479896649576 0.347523666299347470203289505138712164659043695684809506089067 0.505604926514044656581901784565186280924730711755643527107559 0.675162970565408946390519793113531341699277909306993539739748 0.807547887607571189256038270182754900329519498052409667308659 0.894054605697734370858874984368294040634619453786574889325955 0.944176944811046277444204770867048137223352640400530902689392 0.971196177533995558004621122775085468878542211344745081434133 0.985154114648568704648448406364271228671925240165119501231103 0.992231546556189848439248477368679211670290147217709925233473 0.881333333333333308889923074502803501673042774200439453124738
0.939999999999999957117635673853328626137226819992065429687841 0.0132148581793374579461597748541806720231071665072728514343807 0.0396228698997710415004152393229811780771125753662380481683705 0.0909608577517970197049027077027563120191308291941830338314004 0.155254269988775297436086425053176280053527708715295184713834 0.226021266733598200640573756560994074732592243583920139928898 0.306162903061223488012044337544692307487558573828711969527121 0.394682307882752471022596497878879140552897291938179470676792 0.508207380958561881768831683596767010641113488507828293017498 0.68040724307672545224934848908795184105532393407701414549314 0.813007703783771195540745160024046564591714317046210114122026 0.89849330919726341387487283214093409551865976945340903159641 0.947336009325266446256705452600141580711932789160591314343822 0.973307401179267844503264323572172624683549093270588803521639 0.986393601861368641354143591974529020830430105303492300106881 0.992755044122874955007012133163659709162405388082702692881594 0.93999999999999995711763567385332862613722681999206542968739
