# mpmath dps=60 tau=1.0 G=32 Gp=17 F=5.8902833e-41 iters=80
0.0600000000000000151267887105177578632719814777374267578125958 0.00736723285344589987781072786786865942232587356520250684531784 0.0142914880843217954236185199970983400290733818117868685360036 0.0283750583630857955606069830479364155250358183523388239410051 0.0560343959985066096463104876557794044239585015334266867734384 0.107662187009064604792295662577470068054432694691778125410509 0.195815088467257693254027062863486652835808086377172552144083 0.329898295120116731061457267822657110995478868950725831073084 0.498555534379855041933611579428129967470739455487243091692021 0.607668213405766082139131385547175989746895082964388160005706 0.696714291500524228714791025643862927640623310411127611109853 0.775898709386178694338640333749326128109572705157970102405327 0.84532504274349051259487905213851319383967702126312118067716 0.907701327677893002559901457668842793941780090525599086587139 0.959423636633126237893249326249034583436116888314884334291172 0.986957335909493301536211705586909083832778017396473146127565 0.0600000000000000151267887105177578632719814777374267578122007
0.0883870967741935270600706076038477476686239242553710937501571 0.00762130306994348101680205710792964686675018551200990500471038 0.0148048945860969010380934117184346754020505130808277330812431 0.0291567809143994380403152381981985454663782147570174409371709 0.0570658196181164091085573460277046002346343825068356722923511 0.108864493076387855817062583768781771351369837975951735444031 0.197171768223182525750813661572206213120857095664263728827997 0.33088898344749123615324469102790689310526978128583095034019 0.498804269587649177791027302623219193663769724490951433879347 0.651054958583820948071587034213628859134076475638244576348078 0.738912025579665008371648059468891339151052179573506524598 0.810910404719607029392637565652330404150300720178132182477297 0.870744069213197707828089697890339877069672179631399992831456 0.921451755951797504769542668031594435705612865794715420303672 0.96308862604139879840161768685394587690250553525790359573654 0.987430699501884031647105240134123095605841133485837175315072 0.0883870967741935270600706076038477476686239242553710937495967
0.116774193548387132668420207437520730309188365936279296875224 0.00780689749393547933737500283077472420718807720110643089974788 0.0151637298939942200862267961981305425432391709700074098021663 0.0296895591550144029756155958838302613021151365065884504527436 0.0577561717774136387471069740581889747218434149409762343906229 0.109649848093991021115836168068128454376458496915866452539127 0.198005605452150500088430294889191986762842166914580406014394 0.331484451215656890754827370204001309715380922976447994110225 0.498970312621816962534147983654407171478587844757614339133101 0.661411099499304843969976341956876373127832440871109448937162 0.765827743955251026267306074788854838043443745212703445494455 0.833303981497457937854339167305590150553552576256870218391821 0.886897319515338399814689332854969028468379544900348670724168 0.930497929143196447706201126128656168635978797998173584537114 0.965835082972634016097558714721472160775450919072795493546906 0.98779028650634338767020636061834838203852247298527995332429 0.116774193548387132668420207437520730309188365936279296874504
0.145161290322580627254467344755539670586585998535156250000289 0.00795690021830599740553920644007350697170247970961330890661572 0.0154480077210230000912595160792453128956090572569306781858601 0.0301067518685707737047099882968349671936969568082554626009419 0.0582926849357327092282663911424160102477744489373189846390675 0.110256318675428858151920495803181919022093676748948445382657 0.198639842800798869002247390247537997153476234902313433504947 0.331936730158240318884566029258806623082293975231523946677493 0.499100373345559892517075467242627896112687814690582859811326 0.661913877440268713449558420206825283951093809008997595252154 0.78438481392382781683722096289316743884693676012219692826367 0.849226068728288614712208770785590255338107910418074945702877 0.898406274318854086065271888199610294350862148083956165926334 0.937107052387925513183855217170195238846972377337769591915728 0.968031953124091430639782840433651222696610575280868891711416 0.988086833701747874424238015997754558249427168558305071448356 0.145161290322580627254467344755539670586585998535156249999425
0.173548387096774239801710848496441030874848365783691406250353 0.00808578181764615986330620215681131980708578543918895535868969 0.0156887751163280457937116907974635647038957285269707126405645 0.0304567920414375524228654470243643339365155140394823816380772 0.058740198851323194793907414081876226643789162774370092607776 0.110759952863904639952319310367215382231421242755318883120162 0.199164137196273514440159916819547618800135856698371628181398 0.332310637312172060537488180696944508186083789755015101675219 0.499209383811662413639524057358459869696352086541006824240787 0.662310582784045617949839221587950116074095943223294236522371 0.793008598665126387196443902537747357318044088670781167683384 0.861251389241684105225177523147647411418805210274778316137601 0.907181628072350925677399985338889559944403940797050337665652 0.942251091017539806058994706549975879453756168158169048179586 0.969863911034546098317272638970285205574072737411914216297822 0.988344453362426628847242971202362846944500912116081339665602 0.173548387096774239801710848496441030874848365783691406249356
0.201935483870967713571076274092774838209152221679687500000419 0.00820131731942196381044305356450551271370246305523507179943838 0.0159012590790424526952239188680616444140084998815848226255884 0.0307626169366515526102177382528495095671528032688972848058793 0.0591302853497680435369610246273727281902689043634824317871933 0.11119732606712732738048248112394357602535847657983957435992 0.199617745071181152277823593076098918260503175479392207854307 0.332634310428354560329623847304037673816669796264928733531044 0.499304493773417736529342161565935919155746140012333184853189 0.662647185515228605357693509335316217670633501500123538667106 0.793590981465794592495063126509094014528928340606466644136681 0.870687834220854620667362357905436522501391946218919749872548 0.914178757900922400518191842355251208385232329331182528117814 0.946428868587119392296950181413349741671945561334714256287876 0.971436942910181360150206260281233327688686257331443010011928 0.988576223696658714121433397082231549200541877571179722287035 0.201935483870967713571076274092774838209152221679687499999297
0.230322580645161312240531970019219443202018737792968750000478 0.00830840337074997620139141120690477553659063524733724547359137 0.0160947057563250898398808253119989535203742808204946968984395 0.0310386506701897678134717842823001289830194289176416358830649 0.0594794937811255981507598571035998322980052142530427015139817 0.111588354889607175119143719076970415987452593066033207615596 0.200022517689778906520302974961348896162515425142404075291383 0.332923252675102225603084857314886054942519271666295818201557 0.499389764704705913319870751667348449065015142383656099772372 0.662944233686355051364924847049550652327869517517660459680677 0.794064843618212924429438661636921354115658268504253614015539 0.882147915224889441240895077915262521575205298936139266386783 0.919936687791738817993280891932662793588284848664400610642887 0.949927465651510362075765374429314078224515270406402185318866 0.972817511454808265164781935541181723492246011683616425416301 0.988789932806207455039981975105507873225802601524946539424632 0.230322580645161312240531970019219443202018737792968749999246
0.258709677419354799887685203430010005831718444824218750000536 0.00841060224021577064794078498495152264671795002381699604902702 0.0162753923547276284855668539233359237020294901622027069401173 0.0312931799970602976037637765933984886109488080462153026896031 0.059800039011833281510326440807595171177949111359907586009028 0.111946405316541129537296895322583655739607922877713297699512 0.200391763223807772035367239616686807202360702533959838151318 0.333186906389583774720586885384683678015175701035026418423403 0.499467789763078398156616630843041251433591666590772423763092 0.663213484160607871615414071619626073328425247298363530942647 0.794476663354436461553749368245055160301924983251724397994165 0.88277458140103958913324725463954844235156578200243362499174 0.924789085556556984513962590685661173219841401458240615341809 0.95292592293272903783784003864953046315825666346639613692413 0.97405002017797262489533854015560720727700292283945379848276 0.988990565065161003331595733396039792802325193933735476816246 0.258709677419354799887685203430010005831718444824218749999203
0.287096774193548370801565283727541100233793258666992187500592 0.00851096754823676207853972070547783422923220039809119928253392 0.0164480567417658301621357343174650150023664621886200721258606 0.0315319845497142898533284179988844236080524335254543315074761 0.0600990745995004973436439671657667507015075959449026891682954 0.112278718276314900490713475889472755586860992572097784131051 0.200734915549219844449174051003233105421672200920100675092599 0.33343145720009704283113347905341587079517827246770742846825 0.499540309283311324923481194286105914637410505952379883191482 0.663462175029804742673438187189797919040716347962293164862847 0.794847656708257500364625638453039526201734982394713375116082 0.883239945849940050237480471729485109020708636833729495165519 0.928976155473095340088045671193322803375287722915745622969743 0.955542933738794209059363501294351875103679824153041733722844 0.97516560338135855167453398879832861594796497175063945762819 0.989181505173369232315856808333233000614361471340351597676075 0.287096774193548370801565283727541100233793258666992187499171
0.315483870967741886204294132767245173454284667968750000000641 0.00861207565433624402722199371695064677064696866448719232792533 0.0166167056635447799318788298191803557813114047091031182554197 0.0317597622519529004998441481394678065893581017399059682319824 0.0603818253457997151846260119047454034509517463967402463966315 0.112592011503081073283632417257554501133485796872208898370792 0.201057341225868116640212198207919307701891812373443817356982 0.333661548025789836822314830812988508112184276679030001365082 0.499608590306941889897854552351302870567809056940615447217644 0.663695243007388444048283663147239400508814608043323034726774 0.795189914560868435918825119054020059227442698957960360660376 0.883632532470472430129895436699773415401181347728247748339007 0.935538097247662656642503519286472166671910318810023505546152 0.957861551139565028335854519321255114286451649843952696695861 0.976186963069768718134361725075980926254463961535178748743993 0.989365173883787461386971952400243185222950999435438674566973 0.315483870967741886204294132767245173454284667968749999999144
0.343870967741935484873749828693689778447151184082031250000691 0.00871719208476383382978696481601708343041383998303645238837838 0.0167853916719255327492903531218590406974227641429218732081694 0.0319802224660316880988508862689791971989946626360250406246459 0.0606522878444981320827317710283364844172276018152789293933537 0.112891034963426544699537238995561007294255885094563852254938 0.201364814555052841277998889893642734423902063931154368946369 0.333880440009691203445336587536348928061012809352154646575215 0.499673576811438766401322041713409836171015348125090906748221 0.663916371434761016067261884460596067729270510663985683709227 0.795511173706821186836478058159312893211357306424794261419326 0.883982392353108651651866090252845718812655218876951940566139 0.936168451546676862085057352369837408778706802269138033630908 0.959944432610380715479598735052061974281936974579193289471338 0.977131240035192558646940533492523658801067456777210462782832 0.989543389425552711845712366298693232856421833311348495986767 0.343870967741935484873749828693689778447151184082031249999124
0.372258064516129083543205524620134383440017700195312500000733 0.00883014516904250759376776414084952039127550350212048256344279 0.0169588959303805914194114173568834127143384407309330772522847 0.0321966619457033748467284931124113157050559926339932007001369 0.0609142974121245717853395900451133789363146597749223069018816 0.113179103861733807070499357110404509139113291447798893702037 0.201660154899775522615123706088129591801094341522478267895297 0.334090648937263768996331627110668254189402850842204620653778 0.499736035561543064577424687962412478849441058560222485090894 0.664128337917490385626823399369498154584454797448601738518546 0.795816744671426423027256449910258695056936185051114521925322 0.884304666129549572505344412789295859863446002816634427536346 0.936593896955643550113937197279956754601736320982101199051123 0.961852969422579814330116996201440030830857990067962376063028 0.978011880166195734932594223231462579233228045558571461974054 0.98971758886400576962720811064809317099070536119967635109804 0.372258064516129083543205524620134383440017700195312499999112
0.400645161290322598945934373659838456660509109497070312500773 0.00895457546401591396691083120723160471280491334396352937303407 0.0171434274511626916499426785003801849203500792135619028223488 0.0324124803056767436587485130870481655121479699220022857129918 0.0611705152257967589417451486706825374772437853717036310249801 0.113459094054687895213928938742529203513617737178712911017405 0.201946272428906020681746232689419537813449198622721162328084 0.334294377238058986429731486111484984256243237982794638019871 0.499796548518876663530382796509869442272836205958525062920022 0.664333306676734202412991256069129545647325730327518074789184 0.796110555992543395127250118835193814498385206978363254707628 0.884608016429815929350882923139395041192548847355753533227912 0.936943585869615381264881173540054936445954193767924780884296 0.964787650114704145899086685229917882299742287924285646407641 0.978840118515431940080195881009375340707081222776124635830795 0.989888979948450671400710238283661849134961560361709447921126 0.400645161290322598945934373659838456660509109497070312499107
0.429032258064516169859814453957369551062583923339843750000804 0.00909602208767715775076103936880823809925556221516654445240953 0.0173500270347761451509253849821090801050695860049574058489213 0.0326312476756656888012782511433509708058886532017384565603853 0.0614236414186019448818322193412215191334688649711559978977823 0.113733419267249278189424033298272971880180256081890409263998 0.202226350357295290481359710586896947795264099401204211803814 0.334493356247674314984921692411457252936784350247467035022897 0.499855642847464187534964038198597152466949137144693195158098 0.664533176096148476903573442132835744160558673590038647048352 0.796395725027354082633802492955288438454936208431884763662773 0.884898093485105805605500300409949847263922799395374012929766 0.937253083568469363486221725721006485727143993648882736333547 0.96590897256401721242553947432541047046502296053130746182832 0.979627142971771414833774014405264823274616507882894881751227 0.990058677753426212609512399807941963430406728762479413429323 0.429032258064516169859814453957369551062583923339843749999107
0.457419354838709713018118918625987134873867034912109375000831 0.00925568840092035587374527065908538664888380020933078951605023 0.0176012080973451344252395007348256145073824855599675436098508 0.0328573967130229747305771734301596273010106847042071652608738 0.0616762553867724397276537912049585030673155832869993756118195 0.114004708934938961301280021451077943285108848531453201073753 0.202502358338547088949562211804824951034070087580733716132006 0.334689036216296146336404937570107830515648928255054455814259 0.49991376633525970294343972364953600874763819561202089550955 0.664729490021587170539589768776308246569415500137471386726908 0.796674908455088642867900558612448754558820036597639532141519 0.885178983101636659551538263373086164974416585879315785612621 0.937538355128510786910310261160773186658800823796595117953546 0.966326418022638695593467114253984441531908274935483813066905 0.980401189743170095052720594139274544568741557305033238977434 0.990227941494457988496845835556536598637059899260336119571096 0.457419354838709713018118918625987134873867034912109374999114
0.485806451612903228420847767665691208094358444213867187500856 0.0094265997457638208799886244799978171648959264587342340074721 0.0179622467029748340659044972375497309416392238271704406313547 0.0330976312077854612718364070433084650763275165666976218871685 0.0619311954510841248022845932957516171946590570418013673933915 0.114274915984516224011517976252142177227602611414067705005153 0.202776194638763987642870523950293720325799224545549881269894 0.334882897045460346030854110766891686251479117909310773629282 0.499971312854318918616565269298665217944434859790901906093281 0.664923702032714181142471667969758812508533168881260524117901 0.79695015425950611419981566403720066597054009772467564476034 0.885453773294800031623019312703908375053935751191974167472532 0.937808350453452400493003230153630022653146774249604277210678 0.966637534815961276590566879397098458512742501709468447222776 0.981302619477254750861766726797172932947647265066258173783932 0.990399209763789343073749694768790965095589724839230819685857 0.485806451612903228420847767665691208094358444213867187499128
0.514193548387096771579152232334308791905641555786132812500872 0.00960079023621065692625030523120903490441027516076918031414318 0.0186973805227452491382332732028270670523527349337418262160679 0.0333624651840387234094331206029015414872574982905315527772242 0.062191649546547599506996769846369977346853225750395722789322 0.114546226705199968376980687296091624946064248808025832527468 0.20304984574049388580018433596279933402945990227532435523966 0.335076297967285818857528332030241187491466831118739475882099 0.500028687145681081383434730701334782055565140209098093906719 0.665117102954539653969145889233108313748520882090689226370718 0.797223805361236012357129476049706279674200775454450118730106 0.885725084015483775988482023747857822772397388585932294994847 0.938068804548915875197715406704248382805340942958198632606608 0.966902368792214538728163592956691534923672483433302378112831 0.982037753297025165934095502762450269058360776172829559368645 0.990573400254236179120011375520002182835104073541265765992528 0.514193548387096771579152232334308791905641555786132812499144
0.542580645161290286981881081374012865126132965087890625000886 0.00977205850554201150315416444346340136294010073966388042890366 0.0195988102568299049472794058607254554312584426949667610225656 0.0336735819773613044065328857460155584680917250645161869330949 0.0624616448714892130896897388392268133411991762034048820464544 0.114821016898363340448461736626913835025583414120684214387379 0.203325091544911357132099441387551245441179963402360467858481 0.335270509978412829460410231223691753430584499862528613273092 0.50008623366474029705656027635046399125236180438797910449045 0.665310963783703853663595062429892169484351071744945544185741 0.797497641661452911050437788195175048965929912419266283867994 0.885995291065061038698719978548922056714891151468546798926247 0.93832374461322756027234620879504149693268441671300062438818 0.967142603286977025269422826569840372698989315295792834739126 0.982398791902654865574760499265174385492617514440032456390149 0.99074431159907964412625472934091461335111619979066921048395 0.542580645161290286981881081374012865126132965087890624999169
0.570967741935483830140185546042630448937416076660156250000893 0.00994132224657378739048760019205803656959327123752058657067685 0.0203728570282285851662259855947351767253834921171051182487734 0.0340910274359827875744605256745895295349770394686925381716797 0.0627469164315306365137782742789935142728560063511172636664533 0.115101906514894194394499699590050152736077200604625987070234 0.203604274972645917366197507044711561545063791568115236337227 0.335466823903851523096426557867164255839441326409961352951648 0.500144357152535812465035961801402847533050862855306804841902 0.665506643752325685015078307588542747063215649752532964977103 0.797773649642704709518640289413103052204735900598795788196186 0.886266580732750721810575966701727028119819743918109590736002 0.938576358581398055118167780658778480866531135028844002102218 0.967368752324334311198721748856649029194111346798261543439615 0.982649972965223854849074615017890919894930413995042594151079 0.99090397791232284224923896063119176190074443778483345554759 0.570967741935483830140185546042630448937416076660156249999196
0.599354838709677401054065626340161543339490890502929687500893 0.010111020051549328599289761716338150865038439638290552078874 0.0211598814845680599198041189906246592929187772238753641692048 0.0352123498852958541009133147700821177002577120757143535923594 0.0630564141303846187351188264599450635540458062320752191157038 0.115391983570184070649117076860604958807451152644246466772088 0.203889444007456604872749881164806185501614793021636745292372 0.335666693323265797587008743930870454352674269672481925210816 0.500203451481123336469617203490130557727163794041474937079978 0.665705622761941013570268513888515015743756762017205361980129 0.798053727571093979318253767310580462186550801377278837671916 0.886540905945312104786071061257470796486382262821287088982595 0.93882948477420324105825485132931746252275621462829636897502 0.967587519694323256341251486912951834487852030077997714287008 0.982856572548837308350057321499619815079649920786438097177651 0.991045424535984086033089168792768395287195086656036470626966 0.599354838709677401054065626340161543339490890502929687499227
0.627741935483870916456794475379865616559982299804687500000888 0.0102824111359942303727918893519068290092946388003236489019601 0.0219881198338042650674057767685374207667719544414285380259462 0.0381470305774201856698830037985599691691420099320376239369721 0.063406103044356449886062802720043245398263679017898800948877 0.115695333870450427494655587210704140136553997183365572463654 0.204183255328573576972743550089741304943063814948885478074678 0.335871662082509614373176600630501845415545202551398261481454 0.500263964438456935422575312037587521150558941439777514909106 0.665909351062736231003668372889331745810597149157795379346222 0.798339845100224477384876293911870408198905658477521732104703 0.886820896138266192929500642889595490860886708552201106297963 0.939085702587875428214660409954886621063685340225077693098118 0.967803338054296625153271506887588684294944007366006799299863 0.983041104069619408580588582643116587285661559269066922747715 0.991169854830957492406232235859150479608724496497879517436557 0.627741935483870916456794475379865616559982299804687499999267
0.656129032258064515126250171306310221552848815917968750000876 0.0104566105744472881542876337013067671435781666886515040132329 0.0228687599648074413530594665074763411989325432227895372171681 0.0400555673896192845204012649479380257180630254208067105286623 0.0638315484533231379149426476301625912212931977308619663690916 0.116017607646891348348133909747154281187344781123048059433861 0.204488826293178813163521941840687106788642693575205738580674 0.336083628565238983932738115539403932270729489336014316290773 0.500326423188561233598677958286590163828984651874909093251779 0.666119559990308796554663412463651071938987190647845353424785 0.798635185444947158722001110106357265576097936068845631053631 0.887108965036573455300462761004438992705744114905436147745062 0.939347712155501867917268228971663515582772398184721070606646 0.968019777533968311901149113731020802801005337363974959375354 0.983214608328074467250709646878140959302577235857078126791831 0.991282807915236166170213035183982916569586160016963547611622 0.656129032258064515126250171306310221552848815917968749999309
0.684516129032258113795705867232754826545715332031250000000856 0.0106348261162125386130280475997568147770490005645613254330274 0.0238130369302312818656382749240190737455360384648212512560074 0.0421384488604349716641454806787448857135483501560473033041389 0.064461902752337343357496480713527833328089681189976494453848 0.116367467529527569870104563300226584598818652271752251660993 0.204810085439131564081174880945979940772557301042039639339624 0.336304756992611555951716336852760599491185391956676965273226 0.500391409693058110102145447648697129432190943059384552782356 0.666338451974210163177685169187011491887815723320969998634918 0.798942658774131883359787801792080692298108187626556182643018 0.887407988496918926716367582742445498866514203127791101629208 0.939618174654200284815373988095254596549048253603259753603368 0.968240237748047099500155851860532193410641898260094031768018 0.98338329433645522006812117018081964421868859529089688174458 0.991387924345663755972778006283049353229353031335512807672075 0.684516129032258113795705867232754826545715332031249999999359
0.712903225806451629198434716272458899766206741333007812500829 0.0108184948266307676841431916667669993856385286596484023239249 0.0248343966186414483254660112016713840520350282493605423718105 0.0444570662612057909406364987056481248963201758469582662771564 0.0710238445269046599119543288066771966247122770842543770302575 0.116760054150059949762519528270514890979291363166270504834481 0.205152343291742499635374361546960473798265017605286624883918 0.336537824970195257326561812810202080959283652037706835137153 0.500459690716688675076518805713894085362589494047620116808518 0.66656854279990295716886652094658412920482172753229257153175 0.799265084450780155550825948996766894578327799079899324907401 0.887721281723685099509286524110527244413139007427902215868949 0.939900925400499502656356032834233249298492404055097310831705 0.968468015450285710146671582001115576391947566474545668492524 0.983551943258234169837864265682534984997633537811379927874139 0.991489032451763237921460279294522165770767799601908800717466 0.712903225806451629198434716272458899766206741333007812499408
0.741290322580645200112314796569989994168281555175781250000797 0.0110094349348389966684042666039602071976748060662645231837536 0.0259499798220273751046614598443927927229970771605462015172401 0.0470740770672709621621599613504695368417433365336038630758696 0.0752109144434430154860374093143388267801585985417593846581909 0.11722541859896041086675274536045155764843421799756637500826 0.205523336645563538446250631754944839698075016748275602005835 0.336786515839392128384585928380373926671574752701636469057353 0.500532210236921601843383369156958748566408333409227576236908 0.666813093610416225279413114615316321984824298964973581576597 0.799608236776192227964632760383313192797639297466040161848682 0.888053594683458870462703104677416344260392077122286702300488 0.940199960988166718489673559192404828822050888640092413990972 0.968706820002939702396236223406601511389051191953784697310397 0.983724607645272371514433146076664076297970509837797293059883 0.991589397759784229352059215015048477353282049976183003950973 0.741290322580645200112314796569989994168281555175781249999464
0.769677419354838687759468029980780556797981262207031250000754 0.0112100671937925449600180248944921267741973984750534605753684 0.0271824885451917348352180644588182765077539883163835745836992 0.0500725343484896379242346255706859217754847295935978146811341 0.0800633122082611820067191080673372064117151513355993893571129 0.117852084775110558759104922084737478424794701063860733613217 0.205935156381787075570561338363078645884341731495746385984461 0.337055766313644948635075152950449347672130482482339540319323 0.500610235295294086680129248332651550934984857616343900227628 0.667076747324897774396915142685113945057480728333704181798443 0.799977482310221093479697025038651103837484574857595924708617 0.888411645110392824880856280923029584012547406933966792384404 0.940520506218874401849240142896400167701994785746957298486018 0.968961349329810232186528215717699871016980571082358364116935 0.98390529424367491016011917468800104647962571917950530310156 0.991691596629250023798608588793095224463409364752662754526409 0.769677419354838687759468029980780556797981262207031249999522
0.798064516129032286428923725907225161790847778320312500000703 0.0114237763033412858785666029177684507994581224288202777129654 0.0285630570898186398497937397187666723113137426685569899880723 0.053571131412880607703049818586650258328054438665285743712124 0.0858212420990775994818081576447487916147676706688174718821858 0.129312165779145379332637642094563477498608053781080250127452 0.206409018534205407504936873490905985471071659393533355863319 0.337352814484771394642306490664683782329366498499876461332894 0.500695506226582263470657838434064080844253859987666815146811 0.667365689571645439670376152695962326183330203735071266468956 0.800382254928818847722176406923901081739496824520607792145693 0.88880267393287267261951751887605642397464152342016042564008 0.940869714650231956463038975372627271809731095636517568212807 0.969237383063348447389782261747150490432847196731102715194121 0.984098740920957547304776081131938355585991500118415177374412 0.991798682680578036189556946435494487286297536944764928200562 0.798064516129032286428923725907225161790847778320312499999581
0.826451612903225760198289151503558969125151634216308593750644 0.0116555466375733711527570287976371530554990878839186603343984 0.030136088965453901682727361029714794425927262588085783702178 0.0577489089824601939410052934500241205462438318418309518204137 0.0928183719276490743226000146611104400555960592029496623343481 0.138748610758315894774822476852352588581194789725221683862399 0.206991401334873612803556097462252642681955911329218832316616 0.337689417215954382050160778412049883925904056776705763477629 0.500790616188337586360475942641540130303647913458993175759213 0.66768936268782793946251181930305549181391621024498489832478 0.800835862803726485559840083180452381199864143301628371818602 0.889240047136095360047680689632784617768578757244681116879838 0.941259801148676805206092585918123773356210837225629907392224 0.969543207958562447577134552975635666063484485960517618361923 0.984311224883671954206288309202536435296104271473029287359436 0.99191421818235384013669379784318868019291421456081104464131 0.826451612903225760198289151503558969125151634216308593749647
0.854838709677419372745532655244460329413414001464843750000575 0.0119131662982521255757619840022454417505728314416949285516442 0.0319680468759085693602171595663487773033894247191311082885838 0.0628929476120744868161447828298047611530276226622304080842719 0.101593725681145913934728111800389705649137851916043834073666 0.150773931271711385287791229214409744661892089581925054297123 0.21561518607617218316277903710683256115306323987780307173633 0.338086122559731286550441579793174716048906190991002404747846 0.500899626654440107482924532757372103887312185309417140188674 0.668063269841759681115433970741193376917706024768476053322507 0.801360157199201130997752609752462002846523765097686566495053 0.889743681324571141848079504196818080977906323251051554617343 0.941707315064267290771733608857583989752225551062681015360932 0.969893248131429226295290011703165032806303043191744537399058 0.98455199227897699990874048392075468710439094274306932181414 0.992043099781694002594460793559926493028297520290386691093384 0.854838709677419372745532655244460329413414001464843749999711
0.883225806451612867331579792562479269690811634063720703125496 0.0122097134936566123297936393816516179614775270147200466757103 0.0341649170273659839024412852785278392245490809272045064530944 0.0695020708568035522937988738713438313640212020018264154628862 0.113102680484661600185310667145030971531620455099651329275832 0.166696018502542062145660832694409849446447423743129781608179 0.234172256044748973732693925211145161956556254787296554505545 0.338588900500695156030023658043123626872167559128890551062838 0.501029687378183037465852016345592828521412155242385660866899 0.668515548784343109245172629795998690284619077023552005889775 0.801994394547849499911569705110808013237157833085419593985606 0.890350151906008978884163831931871545623541503084133547460873 0.942243828222586361252893025941811025278156585059023765609377 0.970310440844985597024384404116169738697884863493411549547256 0.984836270106005779913773203801869457456760829029992590197834 0.992193102506064520662624997169225275792811922798893569100252 0.883225806451612867331579792562479269690811634063720703124776
0.911612903225806472939929392396152252331376075744628906250403 0.012569300498115968352894759865876904394158866514162824684928 0.0369113739586012015983823131460541230974944647420964042634598 0.0785482440482024952304573319684055642943871342052845796963284 0.129255930786802292171910302109660122930327820368600007168544 0.189089595280392970607362434347669595849699279821867817522703 0.261087974420334991628351940531108660848947820426493475402 0.348945041416179051928412965786371140865923524361755423651922 0.501195730412350822208972697376780806336230275509048566120653 0.66911101655250876384675530897209310689473021871416904965981 0.802828231776817474249186338427793786879142904335736271172003 0.891135506923612144182937416231218228648630162024048264555969 0.942934180381883590891442653972295399765365617493164327707649 0.970843219085600561959684761801801454533621785242982559062829 0.985195105413903098961906588281565324597949486919172266918757 0.99237869693005651898319794289207035313324981448799009499529 0.911612903225806472939929392396152252331376075744628906249843
0.939999999999999984873211289482242136728018522262573242187799 0.0130426640905066984637882944130909161672219826035268538724355 0.0405763633668737621067506737509654165638831116851156657088278 0.092298672322106997440098542331157206058219909474400913412861 0.15467495725650948740512094786148680616032297873687881932284 0.224101290613821305661359666250673871890427294842029897594673 0.303285708499475771285208974356137072359376689588872388890147 0.392331786594233917860868614452824010253104917035611839994294 0.501444465620144958066388420571870032529260544512756908307979 0.670101704879883268938542732177342889004521131049274168926916 0.804184911532742306745972937136513347164191913622827447855917 0.892337812990935395207704337422529931945567305308221874589491 0.943965604001493390353689512344220595576041498466573313226562 0.971624941636914204439393016952063584474964181647661176058995 0.985708511915678204576381480002901659970926618188213131463996 0.992632767146554100122189272132131340577674126434797493154682 0.939999999999999984873211289482242136728018522262573242187404
