# mpmath dps=60 tau=1.47 G=16 Gp=17 F=5.9827521e-41 iters=60
0.0600000000000000185962356624713720520958304405212402343750528 0.00724925217038949516971066586849365365191363652068194593241715 0.0136363687980678452200747608026125943292265652629780690923085 0.0267707814904568852409915210702879609062976746555964206081568 0.0528403326106049331623443479496630025855288612839977004593397 0.101843730333789959177622905914259516519310833096636254530467 0.18744422160582792516119693286547334051654126434496521454228 0.320236187968794326744013583029049767929448653785079080273436 0.492384505827067677457198095716644957777750201168549443511976 0.605347235301876821785883924762659477353033462208731907270312 0.693901591672097379805576828538791422520708352440526855833795 0.773980291585872916370755633987992546637527987568822388781246 0.844649647062541112984906038031720052068918482941720190857411 0.90894113195539381919561533319740445716099218822012095937732 0.960343386932206286172481007677691101320299325256334233599718 0.986791748023358126394757548077218296033265336451888909046232 0.0600000000000000185962356624713720520958304405212402343748347
0.118666666666666684171183021589968120679259300231933593750126 0.00777014716802450769816417285356342017902897070184359892033654 0.0148613500668841050926115928394876514804303451038307809208712 0.0288489868948888039689774886497642710584399478041036549539558 0.0559286555863022186088923299959906188140596896416784809595755 0.106154498666368162855919589259454930971337208127786204470265 0.19274758559188491982620517560185513262376479884733218059573 0.325262141145537206255302344180693868911334563894449050978316 0.494791501842561169317201589384843475566960949116863212320367 0.653057559210495471596579884224986255994387007398871326365374 0.766770422585663002758200012415120678157974306908072674048013 0.833308739589632637000759942961434038372034722879014593163429 0.886789877082505926088012141628628781249036372525652760539247 0.930925736660784682014492621545574870352212466924626972734784 0.966412989587251740053545902515297367656259823332689916585651 0.987716091607627799031545702406215533095483297482479489715054 0.118666666666666684171183021589968120679259300231933593749724
0.1773333333333333844405999002447060775011777877807617187502 0.0081108387284959973700482507595638611465460510339931506226023 0.0156258585858705748480414613180076231744541241243661075479804 0.0300896006542857436200439922549493210454299228664344053135557 0.0577263390306257442347739274797787766176332674803902827575999 0.108561799688267968286780790750323929428306663138622141908958 0.195595649159505944431617019946142794675195366197067140842334 0.327848199254790020098962095032442286383638772722178434100908 0.496060873328555537090220071765021708928324910408435087763245 0.656059142579393249325575452973936531527181443174670561289856 0.785408786441670061032090933880170496658536992872973939833725 0.862758690741703709330888671275126788293913091409709218805835 0.907397605795812806388208495502912189619896935598559025071735 0.942458140200466611347001853947495352949327744153473423249829 0.970229976740168476374548320015842226394714403988415175307073 0.988312478125220177023460405314916725602581737822762053244734 0.177333333333333384440599900244706077501177787780761718749639
0.236000000000000001443289932012703502550721168518066406250271 0.00838749286805114357338280287836383107887563748822357384519933 0.0162324830168096764461409160795225795745209817724754544960239 0.0310457018356492541428122375314036388597805321232544763413357 0.0590876363491401579360823065168559001460214013275684606707015 0.110359062057014676945403637274921820356962413696281724252822 0.197691356316917578985198493382513812015304614037719069063457 0.329737669556271507021260773822777340502306813283867706150669 0.496998554282063399808974668019845325099288904019890565955831 0.658084352412523320590452299944549588154820596783072604458167 0.788217302313272374292021673696727513725943598247937564801274 0.876155610667613351873447736645216430359962669711023665906134 0.920523521663964863413310807472153349273143486512999869180066 0.950091405429738850714233916346132640458532060905377755113504 0.973054076296324020767298180587903721474693580511640433000186 0.98878278465092228935271361920694777839112921182573389724199 0.236000000000000001443289932012703502550721168518066406249578
0.294666666666666632323767771595157682895660400390625000000334 0.00863797072744414707075889719331371973145688570750808906782927 0.0167746268551261139613175012038237678177219663804333395878454 0.0318699534330200660449944436675205554528738216070517601101865 0.0602380208076973852862206914886443459792970654266140904819089 0.111857694684099723563068176462270932024542339726300708909052 0.199432649018731091882849549490979679148802382993489757882152 0.331299462680556683001940825203325937347640470570489147327064 0.497775469701205361608890151432320949145707486975895880840525 0.659706472885180675389338193770230822088021950522057191929921 0.790242489572612770671804158281030829265473822191574426320099 0.878605890489508868323545418241466250561469899870582270762223 0.930652646959045219702739759073394081584985215452148240241009 0.955762171845180415843125622306843832130279873307465471304347 0.975324292337724145721983949868351138241584059502723741352037 0.989189483513559895690989618145168223434024172856626051150428 0.294666666666666632323767771595157682895660400390624999999537
0.35333333333333333259318465024989563971757888793945312500039 0.00888524478666430848073895585266516698348673061684218550225179 0.0173027887287605555131865405432429966282326937865714283192618 0.0326368739391965773434882676971600251380124019350560324135469 0.0612775696318152312216680838677975359748205702499684923172669 0.113201391653861751735450882590618451820147845687974160007246 0.200968013549691623162749036790313195779413786986303609122431 0.332674236750293185349296769405797484525247625063781223359651 0.49846080837776615634820142691728675100851337729620289767112 0.661115727201974376258457615073323602428562573735451376477526 0.791928613844779909304752927631990573895043726094299935936472 0.88033585546738914077892338918569168470270808045546811585669 0.93308065541683312923996102068152789508521208919212286242317 0.960798845503506246273860931840722235955858946776322018874008 0.977251955841848096688087706084723109077512996364448614239404 0.989560623699057286787420720137559932355139234241704453657496 0.353333333333333332593184650249895639717578887939453124999514
0.411999999999999949595874682017893064767122268676757812500434 0.00914729348435372063847836114363693537975212586760548650932019 0.0178647800781437351597192080243018759995209095282568224528179 0.0333960380774807902536595073029816581402869731519609329745852 0.0622690555098227670223551183050951368191653287486278569416415 0.114459527234911698668388257610342373676162284574781296233206 0.202399450770918862433796921635215666160707162857594117459461 0.333943494536343300792640239238286301139780717166377546441962 0.499095138824268870790815340365327724951783842468511448442609 0.662407801057290406559145799283600902387725185977262077394728 0.793435722894767845273469967137682099204689930591614512128672 0.881778743678629553640221372395559868209698501349774264548778 0.934536537002348639343291958176079249298401118283599492551241 0.963562100879341810471070802730505885939859873583365372401622 0.97901972216789009505257771712410499806987658905320451584305 0.989911847526893484737383215414378412960717776361669433295153 0.411999999999999949595874682017893064767122268676757812499506
0.470666666666666677620867176301544532179832458496093750000467 0.00943405958847800511114561229337078026865313500431206753515288 0.0185432194533272845461380864822302597664980375747763503343652 0.0342010780411163608429918699232596637610065320499792685892429 0.063258085613279266950539140940291693130130610161739606987299 0.115681195024026992189654726554538935619963292592738685456077 0.203780443779845218578057799125749925882786855327647165284392 0.335160394929867362275276875211079678273773775551905161219184 0.499700906017233656549098067756256594135815975458366885323843 0.663635826661690354479233838105742906167057218810064256824689 0.794845441983332069549639271772081758981470303938260279132842 0.883081047939304720055116244234899860957671858249150286604346 0.935702526258481712634798084997698654368601380637933137062259 0.964857981725238408537790015512417672652436153063477991530868 0.980500582327473919583655240440295943593280615848586747146866 0.990250904803895758304808464053276717631495023149231049419557 0.470666666666666677620867176301544532179832458496093749999514
0.529333333333333322379132823698455467820167541503906250000486 0.00974909519610424169519153594672328236850497685076895058044344 0.0194994176725260804163447595597040564067193841514132528531344 0.0351420182747615914622099844875823273475638469365220084691324 0.0642974737415182873652019150023013456313986193620668629377411 0.116918952060695279944883755765100139042328141750849713395654 0.205154558016667930450360728227918241018529696061739720867158 0.336364173338309645520766161894257093832942781189935743175311 0.500299093982766343450901932243743405864184024541633114676157 0.664839605070132637724723124788920321726226224448094838780815 0.796219556220154781421942200874250074117213144672352834715608 0.884318804975973007810345273445461064380036707407261314543923 0.936741914386720733049460859059708306869869389838260393012701 0.965798921958883639157008130076740336238993467950020731410757 0.981456780546672715453861913517769740233501962425223649665635 0.990565940411521994888854387706629219731346864995687932464847 0.529333333333333322379132823698455467820167541503906249999533
0.588000000000000050404125317982106935232877731323242187500494 0.0100881524731065152626167845856215870392822236383305667048472 0.0209802778321099049474222828758950019301234109467954841569497 0.0364378991206581895289291972694941140601401264166346275983777 0.0654634629976513606567080418239207507015988817164005074487585 0.118221256321370446359778627604440131790301498650225735451222 0.206564277105232154726530032862317900795310069408385487871328 0.337592198942709593440854200716399097612274814022737922605272 0.500904861175731129209184659634672275048216157531488551557391 0.666056505463656699207359760761713698860219282833622453558038 0.797600549229081137566203078364784333839292837142405882540539 0.885540472765088301331611742389657626323837715425218703766794 0.937730944490177232977644881694904863180834671251372143058358 0.966603961922519209746340492697018341859713026848039067025415 0.982135219921856264840280791975698124000479090471743177547182 0.99085270651564627936152163885636306462024787413239451349068 0.588000000000000050404125317982106935232877731323242187499566
0.646666666666666667406815349750104360282421112060546875000486 0.0104393763009427132125792798624400676448607657582955463425036 0.0227480441581519033119122939152768909224870036355513857605962 0.0392011544964937537261390681592777640441410532236779811259918 0.0669193445831668707600389793184721049147879108078771375768297 0.11966414453261085922107661081430831529729191954453188414331 0.208071386155220090695247072368009426104956273905700064063528 0.338884272798025623741542384926676397571437426264548623522474 0.50153919162223384365179857308271324899148662270379710232888 0.667325763249706814650703230594202515474752374936218776640349 0.799031986450308376837250963209686804220586213013696390877569 0.886798608346138248264549117409381548179852154312025839992754 0.938722430368184768778331916132202464025179429750031507682733 0.967363126060803422656511732302839974861987598064943967586453 0.982697211271239444486813459456757003371767306213428571680738 0.991114755213335691519261044147334833016513269383157814497748 0.64666666666666666740681534975010436028242111206054687499961
0.705333333333333367676232228404842317104339599609375000000463 0.0108105164864401043090103818548317765659758271433739488495725 0.0246757076622758542780160501316488617584159404972762586479635 0.0442378281548195841568743776931561678697201266925345286956532 0.0693473530409547802972602409266059184150147845478517597589906 0.121394109510491131676454581758533749438530100129417729237777 0.209757510427387229328195841718969170734526177808425573679901 0.340293527114819324610661806229769177911978049477942808070079 0.502224530298794638391109848567679050854292513024104119159475 0.668700537319443316998059174796674062652359529429510852672936 0.800567350981268908117150450509020320851197617006510242117848 0.888142305315900276436931823537729067975457660273699291090948 0.939761979192302614713779308511355654020702934573385909518091 0.968130046566979933955005556332479444547126178392948239889813 0.983225373144873886038682498796176232182278033619566660412155 0.991362029272555852929241102806686280268543114292491910932171 0.705333333333333367676232228404842317104339599609374999999666
0.763999999999999998556710067987296497449278831481933593750422 0.0112172153490777106472863807930522216088707881742661027580102 0.0269459237036759792327018194120962785253064194883595669998143 0.0499085945702611492857660836538673595414679390946222448864956 0.079476478336035136586689192527846650726856513487000130819934 0.123844389332386648126552263354783569640037330288976334093866 0.211782697686727625707978326303272486274056401752062435198726 0.341915647587476679409547700055450411845179403216927395541833 0.503001445717936600191025331980154674900711095980109434044169 0.670262330443728492978739226177222659497693186716132293849331 0.802308643683082421014801506617486187984695385962280930936543 0.889640937942985323054596362725078179643037586303718275747178 0.940912363650859842063917693483144099853978598672431539329298 0.968954298164350745857187762468596361140219467876745523658664 0.983767516983190323553859083920477420425479018227524545503976 0.991612507131948856426617197121636168921124362511776426154801 0.763999999999999998556710067987296497449278831481933593749729
0.822666666666666615559400099755293922498822212219238281250361 0.0116875218747798229765395946850832743974182621772379467552664 0.0297700232598315236254516799841577736052855960115848246929268 0.0575418597995333886529981460525046470506722558465265767501714 0.0926023942041871936117915044970878103801030644014409749282646 0.137241309258296290669111328724873211706086908590290781194165 0.214591213558329938967909066119829503341463007127026060166275 0.343940857420606750674424547026063468472818556825329438710144 0.503939126671444462909779928234978291071675089591564912236755 0.672151800745209979901037904967557713616361227277821565899092 0.804404350840494055568382980053857205324804633802932859157666 0.891438200311732031713219209249676070571693336861377858091042 0.9422736609693742557652260725202212233823667325196097172424 0.969910399345714256379956007745050678954570077133565594686444 0.98437414141412942515195853868199237682554587587563389245202 0.991889161271504002629951749240436138853453948966006849377398 0.8226666666666666155594000997552939224988222122192382812498
0.881333333333333315828816978410031879320740699768066406250276 0.0122839083923722009684542975937844669045167025175205102849464 0.0335870104127482599464540974847026323437401766673100834143493 0.0690742633392153179855073784544251296477875330753730272652159 0.113210122917494073911987858371371218750963627474347239460753 0.166691260410367362999240057038565961627965277120985406836571 0.233229577414336997241799987584879321842025693091927325951987 0.346942440789504528403420115775013744005612992601128673634625 0.505208498157438830682798410615156524433039050883136787679633 0.674737858854462793744697655819306131088665436105550949021684 0.80725241440811508017379482439814486737623520115266781940427 0.893845501333631837144080410740545069028662791872213795529735 0.944071344413697781391107670004009381185940310358321519040425 0.971151013105111196031022511350235728941560052195896345046044 0.985138649933115894907388407160512348519569654896169219079129 0.992229852831975492301835827146436579820971029298156401079663 0.881333333333333315828816978410031879320740699768066406249874
0.939999999999999981403764337528627947904169559478759765625165 0.0132082519766418736052424519227817039667346635481110909537678 0.0396566130677937138275189923223088986797006747436657664002824 0.0910588680446061808043846668025955428390078117798790406226803 0.155350352937458887015093961968279947931081517058279809142589 0.226019708414127083629244366012007453362472012431177611218754 0.306098408327902620194423171461208577479291647559473144166205 0.394652764698123178214116075237340522646966537791268092729688 0.507615494172932322542801904283355042222249798831450556488024 0.679763812031205673255986416970950232070551346214920919726564 0.81255577839417207483880306713452665948345873565503478545772 0.898156269666210040822377094085740483480689166903363745469533 0.94715966738939506683765565205033699741447113871600229954066 0.973229218509543114759008478929712039093702325344403579391843 0.986363631201932154779925239197387405670773434737021930907692 0.992750747829610504830289334131506346348086363479318054067583 0.939999999999999981403764337528627947904169559478759765624947
