# mpmath dps=60 tau=1.87 G=10 Gp=17 F=7.2159659e-41 iters=84
0.0600000000000000498212582300538997515104711055755615234375603 0.00719804840866863218965590137282315793830112428592242839866295 0.0132833176362302438423832476717272602559283113312595679369078 0.0257996430346670157076811121310263099493567112313964427024567 0.0506221253164137674157454284729176316560354685491763182412721 0.0975041785384002854576540462914848825056507569893917652868059 0.182599033849649511484701576526807996570735203941984196692667 0.308077895742783436849617068072358067427522753772231887244005 0.483012219980114254642098257478686538616470798204492993155698 0.60380379878664796711639695338163608320297723361190077139017 0.692311394328167641341842917782771082957704013040449385728522 0.771542155080299702717384802606790468368159202151155958473459 0.843349717933838437585117254686468538418055522003705366186884 0.909318056940784394362700494385490842415115030776052058474406 0.960718822438907654479844982691990424173454019104478789892755 0.986676476339221051246569658177656841535662372956987666320739 0.0600000000000000498212582300538997515104711055755615234373123
0.1577777777777777945544812610023654997348785400390625000002 0.00800249144997060894964352286673125436661983247123896313617664 0.0152939068856017418216576325606766696098040218858446918599323 0.0293393075213598914959796791573122979498863793973111513402393 0.056235761719762167755322936954250707264237752720444021644127 0.105793582118539293879229145015972738589033508875639094148645 0.192191189192452743660918993397827148068251707097278789400315 0.320858871018940930404871489908062430510686173835758433666845 0.490638659324000992987963865163845384041781760548728429854894 0.646494168231350913754467587633110046133270062375441128171393 0.778266894234207756313249042518866085150441286647389888096939 0.855382263954035408580552640301994493138121436336219277878594 0.900595306104451510152192497869960708897715115002299860462831 0.938760974160501926256607191463957662369689314746616792499903 0.969167956184876950497578003314142595220528960440182852083442 0.988125597281971496220418073653983724980457059931473020387944 0.157777777777777794554481261002365499734878540039062499999619
0.255555555555555535818257339997217059135437011718750000000334 0.00850716031383832861479409393001372190891053925478294723452801 0.0165123511086521300026980676848446013389235510926434950092595 0.0313658272604589269652355274741201094860443730744875908175458 0.0592591409948777021611850824467241342981680381699411207642232 0.110048502312652868004067431703821987922228255008901073588779 0.196984587535469225726220724249448060311477314772334332716078 0.326744922419024464428623659349046505019374907012622905566343 0.494108620812880423443169550653960580630155275359433425246316 0.652990774037249290430091516039292209172042483771651699712734 0.785357406349328089699793152177265630893108616659593968957665 0.872418014397521005944349164234524697183898743641130634618595 0.924131411435569248165804918465473490295839376756834224665582 0.951701760650195242688293948961622839826794888814806827566076 0.973785572422501360290192260795349261862365973068555717104262 0.988925223809896628864727059897602889454125514873943240061228 0.255555555555555535818257339997217059135437011718749999999502
0.353333333333333277082033418992068618535995483398437500000443 0.00895167056580132644056027445484740882213784901168638437587881 0.0175956877173917031805015002456798111712712461362554576997703 0.0330504634409051486515167229224841186021185751301771506061757 0.0616602591196285910208127165983363463651061666780096742380896 0.113343698997519892533950524037002515145092065652016360927507 0.20063609641062378464324542226606468925355423131812859860769 0.331113638687535291368061954914376436696483762597382209290307 0.496684363486583212179201997602931270914992847914075424300767 0.657568333212191388133244896285999943264761546408418295560892 0.789565516288727128760990301945657432546822457656250470765721 0.877232605945778870540262468220805660971531366052748246892877 0.930530426031861053366276200139953552945806783499406492016648 0.959903024303378113626333388817961267942613225230247792260042 0.977128819582674949801745319350507506338700329918242694358762 0.989558208292048311787957452471836043167937090558466018913213 0.353333333333333277082033418992068618535995483398437499999446
0.45111111111111101834580949798692017793655395507812500000052 0.00939547451688131562944505993636666513373657077657172290660577 0.0187582676788831436847521846107336284278829981246239610462668 0.0347113762032844266548638589493778936396683121150353923111756 0.0639125711640202504517543068663368928657826002121360527581046 0.116327565493947617912178048098357193035480373585143718402978 0.203865627114471200963529662106605621609034758901033723372064 0.334884758156683175568966313882396909313621867842451791284707 0.498924984628487206601351893359203818359925144302645500891141 0.661451103522321746134823389611883728051426368522120551544979 0.792969773818912468275689862920752762945427521178883701715491 0.88066787506578018259254999222026112557652970303030080084322 0.933661849330625087915968485757907949585285503788377088465301 0.963285658213520663020511022541298270349601916989810218015411 0.979671528370191816898045061742420356376907811594262809484434 0.990114030867633945861278436004565565993616600288167280604267 0.45111111111111101834580949798692017793655395507812499999944
0.54888888888888898165419050201307982206344604492187500000056 0.00988596913236605413872156399543443400638339971183271939573282 0.0203284716298081831019549382575796436230921884057371905155659 0.0367143417864793369794889774587017296503980830101897819845885 0.0663381506693749120840315142420920504147144962116229115346991 0.11933212493421981740745000777973887442347029696969919915678 0.207030226181087531724310137079247237054572478821116298284509 0.338548896477678253865176610388116271948573631477879448455021 0.501075015371512793398648106640796181640074855697354499108859 0.665115241843316824431033686117603090686378132157548208715293 0.796134372885528799036470337893394378390965241098966276627936 0.883672434506052382087821951901642806964519626414856281597022 0.936087428835979749548245693133663107134217399787863947241895 0.965288623796715573345136141050622106360331687884964607688824 0.981241732321116856315247815389266371572117001875376038953733 0.990604525483118684370554940063633334866263429223428277093394 0.54888888888888898165419050201307982206344604492187499999948
0.646666666666666722917966581007931381464004516601562500000554 0.0104417917079516882120425475281639568320629094415339810867871 0.0228711804173250501982546806494924936612996700817573056412376 0.0400969756966218863736666111820387320573867747697522077399579 0.0694695739681389466337237998600464470541932165005935079833523 0.122767394054221129459737531779194339028468633947251753107123 0.210434483711272871239009698054342567453177542343749529234279 0.342431666787808611866755103714000056735238453591581704439108 0.503315636513416787820798002397068729085007152085924575699233 0.668886361312464708631938045085623563303516237402617790709693 0.79936390358937621535675457773393531074644576868187140139231 0.886656301002480107466049475962997484854907934347983639072493 0.93833974088037140897918728340166365363489383332199032576191 0.966949536559094851348483277077515881397881424869822849393824 0.98240431228260829681949849975432018882872875386374454230023 0.991048329434198673559439725545152591177862150988313615624121 0.646666666666666722917966581007931381464004516601562499999557
0.744444444444444464181742660002782940864562988281250000000498 0.0110747761901033711352729401023971105458744851260567599387724 0.026214427577498639709807739204650738137634026931444282895738 0.0482982393498047573117060510383771601732051111851931724339243 0.0758685885644307518341950815345265097041606232431657753344177 0.127581985602478994055650835765475302816101256358869365381405 0.214642593650671910300206847822734369106891383340406031042335 0.347009225962750709569908483960707790827957516228348300287266 0.505891379187119576556830449346039419369844724640566574753684 0.673255077580975535571376340650953494980625092987377094433657 0.803015412464530774273779275750551939688522685227665667283922 0.889951497687347131995932568296178012077771744991098926411221 0.940740859005122297838814917553275865701831961830058879235777 0.968634172739541073034764472525879890513955626925512409182454 0.98348764889134786999730193231515539866107644890735650499074 0.991492839686161671385205906069986278091089460745217052765472 0.744444444444444464181742660002782940864562988281249999999666
0.842222222222222205445518738997634500265121459960937500000381 0.0118744027180285037795819263460162750195429400685269796120563 0.0308320438151230495024219966858574047794710395598171479165583 0.0612390258394980737433928085360423376303106852533832075000973 0.0994046938955484898478075021300392911022848849977001395371687 0.144617736045964591419447359698005506861878563663780722121406 0.221733105765792243686750957481133914849558713352610111903061 0.353505831768649086245532412366889953866729937624558871828607 0.509361340675999007012036134836154615958218239451271570145106 0.679141128981059069595128510091937569489313826164241566333155 0.807808810807547256339081006602172851931748292902721210599685 0.894206417881460706120770854984027261410966491124360905851355 0.943764238280237832244677063045749292735762247279555978355873 0.970660692478640108504020320842687702050113620602688848659761 0.984706093114398258178342367439323330390195978114155308140068 0.991997508550029391050356477133268745633380167528761036863823 0.8422222222222222054455187389976345002651214599609374999998
0.939999999999999950178741769946100248489528894424438476562688 0.0133235236607789487534303418223431584643376270430123336792611 0.0392811775610923455201550173080095758265459808955212101072447 0.0906819430592156056372995056145091575848849692239479415255936 0.156650282066161562414882745313531461581944477996294633813116 0.228457844919700297282615197393209531631840797848844041526541 0.307688605671832358658157082217228917042295986959550614271478 0.39619620121335203288360304661836391679702276638809922860983 0.516987780019885745357901742521313461383529201795507006844302 0.691922104257216563150382931927641932572477246227768112755995 0.817400966150350488515298423473192003429264796058015803307333 0.902495821461599714542345953708515117494349243010608234713194 0.949377874683586232584254571527082368343964531450823681758728 0.974200356965332984292318887868973690050643288768603557297543 0.986716682363769756157616752328272739744071688668740432063092 0.992801951591331367810344098627176842061698875714077571601337 0.93999999999999995017874176994610024848952889442443847656244
