# mpmath dps=60 tau=1.55 G=16 Gp=17 F=3.4201127e-37 iters=91
0.0600000000000000151267887105177578632719814777374267578126092 0.00723823470157692907822424444929236113037835778264570009421931 0.0135586983651072504403796887084470069432180664514733899864808 0.0265666435327579544052798159028919892696823208370552632245998 0.0523749093018785243692215807494437972442927836282766469847811 0.100973233635400053729603164802190593790075423651705062651915 0.186330209228899246441669646184007553211303058642644667832048 0.318530928916264247983692270741952851433337256796614674680259 0.490776299659618385896963816801589012255806985708928940972351 0.605254077551995124623787989196902769293001581140446045891688 0.693637634137506397670870710839271881849967686950526615966762 0.773937623851506398315603196761176759898426690439749795520947 0.844879662278923791911015601152135342246396072419698412305733 0.909190033428930110215791526917325921731790474626433417666441 0.960427722916030384575716172440073253364646899116646009050547 0.986774842734827156644831222280920968853367388234139371394973 0.0600000000000000151267887105177578632719814777374267578121589
0.118666666666666684171183021589968120679259300231933593750262 0.0077658203639575223598480364870553053780700488011638053323857 0.0148211795961530874401064432170264785355777836224020564591229 0.0287306755477077514448148221243809378780378151240273597029089 0.0556494466831242912136263864168369966071019523420652555988433 0.105612473778387560713164190788429620131863223292586779631891 0.192016374632814602660565790782333757027053668262582362622146 0.324133164291298402627484111446663387495412883159120353867375 0.493715800973948673026836671934357001886760040272505103269841 0.651511001520654391307067091393962650493723964779854189597721 0.769273293276194184566509289707259343491329619372751822254208 0.833186355699851794181349393850283762397513752993197306438822 0.886862699299869903175325863663472901987137903645988757440055 0.931018124901216693817845048239895802508015026092349775989903 0.966475323730354025637606639499042048718848896165956534570616 0.987706020221393715157080353986354806040160859128398675492625 0.11866666666666668417118302158996812067925930023193359374943
0.177333333333333342807236476801335811614990234375000000000414 0.00811227727879783766159401883040731395875204555680739006177942 0.0156147989258318015522710487782295794011317907594425290851704 0.0300333348209236570049291738152313057518368407260718991480065 0.0575638251781176849565189422153222279584352566595932238187495 0.108211021056999600507541621607015786115151900988057657658613 0.195085050049341051711573656546464459288407319429828373415614 0.327034306058494444364406135464518864050075452640495300946969 0.495253183969300550219757366292628353951297825036856807966529 0.654906438600715461210636953248124184726799995039276341943379 0.784279858802994195579646239933207346580116026603937626792845 0.863985890297823624732047536653037982984933195907334880112672 0.907414908788941140010812794907521761169219000288850675104813 0.942488557425336961345316351791923738056132005908764760525936 0.970268871136405133520417800342568902894035809412840305653321 0.988306815168607434674748438225108432092557318332257509637262 0.177333333333333342807236476801335811614990234374999999999256
0.236000000000000001443289932012703502550721168518066406250558 0.00839376312977659010110596227591208084252186291048092791661412 0.0162464826564698357164578649419618319748207989337594344720108 0.0310395386922202667059940583047700399725659892963221422637658 0.0590172314751669750131760261646680945951148483590441931329396 0.110154203609593547451852133020593424813685364839515072354494 0.197350508205369537738778492068125425392207970228827109629771 0.329153008817235605888627647553514799247186625716792433622981 0.496385155320486481572752732971397480667035368875833988728275 0.657189218391607819232737608556007390769418862523875102112423 0.787354515543823605411194330674909346170180604494297646333799 0.875169869316760548663728404433267897305730317594651979681119 0.920584596368056212392822363381338695495168175724697872907176 0.950090045679212368050612444586243827910968762614630539775211 0.973073834045692060245665786237206412495105589097754724984133 0.988779601785029526644413214190049326665824566861476403664717 0.23600000000000000144328993201270350255072116851806640624913
0.29466666666666668783491900285298470407724380493164062500069 0.00864823447689841199799450390576443065361639980282511965824216 0.0168120324960131906409956460854362970290728095343512752717182 0.0319091390447771300038676132264926566728743783109813027935003 0.0602472263518737161602079182311548559870208880907141181681817 0.111777732868522702769511392450278244495278209480836771644269 0.199234217845100911588349337110406379140521576549140906156804 0.330903512683757701644753725321541356541012689639012826877582 0.4973216645278636964832946741678422749140783007331720071484 0.659013332671646705160465682680381157417694834199262106296922 0.789564544143516846146138497567828580282869267396831420792459 0.877840049160862966662626393113823556107186431335564106780809 0.930069683733152724120681240388170736557264727824245375364219 0.955750603522732989245057322283013247708651246752257098297353 0.975328645209470897833111095172550828356473033369846440256814 0.989187431548091277864945876884542336739790383469367411065642 0.294666666666666687834919002852984704077243804931640624999046
0.353333333333333332593184650249895639717578887939453125000801 0.00889814481752412167401313106247118079254161241952030620261231 0.0173629854719486563978954719192534813594576382099460569543224 0.0327197109422732144472094092580022979572232615155274948041413 0.0613601155749532877801890194701550339084523489683202285042651 0.113233792326993722749741748525298391908420804461717377703478 0.200896684112520065159469085841288045753901806799616454768561 0.33244381028281802830985398779518773336040929398970802145911 0.498147021808474552212961560067073582926024303163350609643033 0.660595611971845237767695650019631138355185982305009223931738 0.791399985044320274053663810207269888844271808902148141965414 0.879731845437993510251678339438860883734343160034013377787894 0.932580748930736267357732125709497445180226441497638937910207 0.960708083881348553676067412675041577057312185332366034075364 0.977244690609003501145455577219357657024624280720887532331468 0.989558627671676755416879726592330121681682497856976631785922 0.353333333333333332593184650249895639717578887939453124998997
0.411999999999999949595874682017893064767122268676757812500895 0.00916071498458518682872724749160868426261863483949959679749807 0.0179469234895450245214399712411269230082000841918646680472756 0.0335230981243129880032687063865856060142476292504932451845845 0.0624234661354188638965297159536259934820094532855048384943754 0.114598695475811870004306206838309450043423142955674483470537 0.20244689153162008065400602211292993847023016843665744386869 0.333865436708306152380125554071857511411694238662403286528287 0.498910867389830060149653730610577034209493598328286883275209 0.662045089405871094442360279496183515906571029053302331972428 0.793037815077209954320773618183856149443950316659425531853048 0.881307661821865305148474781688555526312147313867688261225044 0.9341409782513990126535300717280420089628424308993823084997 0.963295133693187319636567566898625179852558170436552243203281 0.978998932492959945155231127069719973759307946031212556007004 0.989908767076724071819495082695859659887381593388980947094489 0.411999999999999949595874682017893064767122268676757812498979
0.470666666666666677620867176301544532179832458496093750000964 0.00944554556295890153303717669838655781957195736392415826157068 0.0186427384946319661374139495299070303430576137843861621698132 0.0343749316082546364944739510568543579826761837657533779540147 0.0634860729765047306330687452277589745778951796489226364504281 0.11592595985358586017024962498075768946095466675373574935883 0.20394277737197426577212875086629040283407062800986774423014 0.335228993348372651799601674350463942226175597428680672517044 0.499639954908614688287708434471456052886741375408102684131918 0.663422069746046736085815649211486997410827297178967622661245 0.794567444978517668405130717425423523570586618431586417871492 0.88272715017214997632823462551379072476663458260336354514714 0.935395747136734538127066286291141427111592594162856765285264 0.964633732205798535355777380726080455375786936422731349051506 0.980412009709717693015860842842270266371216055884576165922838 0.990244044495762280079461740008856922044471212671133680015421 0.470666666666666677620867176301544532179832458496093749998997
0.529333333333333322379132823698455467820167541503906250001003 0.00975595550423771992053825999114307795552878732886631998457905 0.0195879902902823069841391571577297336287839441154238340771623 0.0353662677942014646442226192739195446242130635772686509484936 0.0646042528632654618729337137088585728884074058371432347147365 0.11727284982785002367176537448620927523336541739663645485286 0.205432555021482331594869282574576476429413381568413582128508 0.336577930253953263914184350788513002589172702821032377338755 0.500360045091385311712291565528543947113258624591897315868082 0.664771006651627348200398325649536057773824402571319327482956 0.79605722262802573422787124913370959716592937199013225576986 0.88407404014641413982975037501924231053904533324626425064117 0.936513927023495269366931254772241025422104820351077363549572 0.965625068391745363505526048943145642017323816234246622045985 0.981357261505368033862586050470092969656942386215613837830187 0.990554454437041098466962823301613442180428042636075841738429 0.529333333333333322379132823698455467820167541503906249999036
0.588000000000000050404125317982106935232877731323242187501021 0.0100912329232759281805049173041403401126184066110190529055115 0.0210010675070400548447688729302800262406920539687874439929962 0.0367048663068126803634324331013748201474418295634477567967193 0.0658590217486009873464699282719579910371575691006176915002997 0.118692338178134694851525218311444473687852686132311738774956 0.206962184922790045679226381816143850556049683340574468146952 0.337954910594128905557639720503816484093428970946697668027572 0.501089132610169939850346269389422965790506401671713116724791 0.666134563291693847619874445928142488588305761337596713471713 0.79755310846837991934599397788707006152976983156334255613131 0.885401304524188129995693793161690549956576857044325516529463 0.937576533864581136103470284046374006517990546714495161505625 0.966476901875687011996731293613414393985752370749506754815416 0.982053076510454975478560028758873076991799915808135331952724 0.990839285015414813171272752508391315737381365160500403202502 0.588000000000000050404125317982106935232877731323242187499105
0.646666666666666667406815349750104360282421112060546875001003 0.0104413723283232445831202734076698783183175021430233682140785 0.0227553093909964988545444227806423429753757192791124676685316 0.0392919161186514463239325873249584229426878146676339659246356 0.0674192510692637326422678742905025548197735585023610620897933 0.120268154562006489748321660561139116265656839965986622212106 0.208600014955679725946336189792730111155728191097851858034586 0.339404388028154762232304349980368861644814017694990776068262 0.501852978191525447787038439932926417073975696836649390356967 0.66755618971718197169014601220481226663959070601029197854089 0.799103315887479934840530914158711954246098193200383545231439 0.886766207673006277250258251474701608091579195538282622296522 0.938639884425046712219810980529844966091547651031679771495735 0.967280289057726785552790590741997702042776738484472505195859 0.982637014528051343602104528080746518640542361790053943045678 0.991101855182475878325986868937528819207458387580479693797388 0.646666666666666667406815349750104360282421112060546874999199
0.705333333333333312165080997147015295922756195068359375000954 0.0108125684519087221350541231154576632602096165306325889343577 0.0246713547905291021668889048274491716435269666301535597431857 0.0442493964772670107549426777169867522913487532477429017026475 0.069930316266847275879318759611829263442735272175754624635781 0.122159950839137033337373606886176443892813568664435893219191 0.210435455856483153853861502432171419717130732603168579207541 0.340986667328353294839534317319618842582305165800737893703078 0.5026783354721363035167053258321577250859216992668279928516 0.669096487316242298355246274678458643458987310360987173122418 0.800765782154899088411650662889593620859478423450859093843196 0.888222267131477297230488607549721755504721790519163228355731 0.939752773648126283839792081768845144012979111909285881831818 0.9680908609552228699961323867735073433271256216890186972065 0.983187967503986809359004353914563702970927190465648724728282 0.991351765523101588002005496094235569346383600197174880341758 0.70533333333333331216508099714701529592275619506835937499931
0.76399999999999999855671006798729649744927883148193359375087 0.0112203982149704733555867858099506733341754331385235963352828 0.0269261659543079397543342137627935875048944109022452750158671 0.0499099543207876319493875554137561720890312373853694602247886 0.0794154036319437876071776366186613045048318242753021270928241 0.124830130683239451336271595566732102694269682405348020318881 0.212645484456176394588805669325090653829819395505702353666201 0.342810781608392180767262391443992609230581137476124897887577 0.503614844679513518427247267028602519332964631124166011271725 0.670846991182764394111372352446485200752813374283207566377019 0.802649491794630462261221507931874574607792029771172890370229 0.889845796390406452548147866979406575186314635160484927645506 0.94098276852483302498682397383533190540488515164095580686706 0.968960461307779733294005941695229960027434010703677857736234 0.983753517343530164283542135058038168025179201066240565527989 0.991606236870223409898894037724087919157478137089519072083386 0.763999999999999998556710067987296497449278831481933593749442
0.822666666666666657192763523198664188385009765625000000000744 0.0116931848313925653252515617748915679074426816677424903627376 0.0297311288635948664795821996574310971059641905871596943466794 0.0575114425746630386546836482080762619438679940912352394740644 0.0925850912110588599891872050924782388307809997111493248951873 0.136014109702176375267952463346962017015066804092665119887328 0.215720141197005804420353760066792653419883973396062373207155 0.345093561399284538789363046751875815273200004960723658056621 0.504746816030699449780242633707371646048702174963143192033471 0.672965693941505555635593864535481135949924547359504699053031 0.804914949950658948288426343453535540711592680570171626584386 0.891788978943000399492458378392984213884848099011942342341387 0.94243617482188231504348105778467777204156474334040677618125 0.969966665179076342995070826184768694248163159273928100851994 0.98438520107416819844772895122177042059886820924055747091483 0.991887722721202162338405981169592686041247954443192609938221 0.822666666666666657192763523198664188385009765624999999999586
0.88133333333333331582881697841003187932074069976806640625057 0.0122939797786062848429196460136451939598391408716013245073752 0.0335246762696459743623933605009579512811511038340434654293842 0.0689818750987833061821549517601041974919849739076502240100966 0.113137300700130096824674136336527098012862096354011242559945 0.166813644300148205818650606149716237602486247006802693561179 0.230726706723805815433490710292740656508670380627248177745792 0.348488998479345608692932908606037349506276035220145810402279 0.506284199026051326973163328065642998113239959727494896730159 0.675866835708701597372515888553336612504587116840879646132625 0.807983625367185397339434209217666242972946331737417637377853 0.894387526221612439286835809211570379868136776707413220368109 0.944350553316875708786373613583163003392898047657934744401157 0.971269324452292248555185177875619062121962184875972640297091 0.985178820403846912559893556782973521464422216377597943540877 0.992234179636042477640151963512944694621929951198836194667614 0.881333333333333315828816978410031879320740699768066406249738
0.939999999999999984873211289482242136728018522262573242187841 0.0132251572651728433551687777190790311466326117658606286050271 0.0395722770839696154242838275599267466353531008833539909494528 0.0908099665710698897842084730826740782682095253735665823335592 0.155120337721076208088984398847864657753603927580301587694267 0.226062376148493601684396803238823240101573309560250204479053 0.306362365862493602329129289160728118150032313049473384033238 0.394745922448004875376212010803097230706998418859553954108312 0.509223700340381614103036183198410987744193014291071059027649 0.681469071083735752016307729258047148566662743203385325319741 0.813669790771100753558330353815992446788696941357355332167952 0.899026766364599946270396835197809406209924576348294937348085 0.947625090698121475630778419250556202755707216371723353015219 0.9734333564672420455947201840971080107303176791629447367754 0.986441301634892749559620311291552993056781933548526610013519 0.992761765298423070921775755550707638869621642217354299905781 0.939999999999999984873211289482242136728018522262573242187391
