# mpmath dps=60 tau=1.935 G=10 Gp=17 F=9.9915159e-41 iters=71
0.0600000000000000428823643261466713738627731800079345703125578 0.00719315352176779632950463495371128197467463384111158747256509 0.0132419035210925373727723677565849732445373409318568585329824 0.0256774397676944356775407317806792716489287032153567740295656 0.0503596719586837738905367916327978985800376374061723287608452 0.0969918325411813012788679874125355931382466843763531612756524 0.181640749269517303052540819100166277618083330734193740032565 0.307120516960052758293471925304112878875920737102201388837419 0.481302560036192288265454407359699672847286259415346571897578 0.603739363583763871500571407396221615177262390773252958079927 0.692360780516349964164128345360544928177044736533864722526019 0.771495530280284596717503405251958445298205654620852174761028 0.843458540234167626458593149325645452849175706698180030006254 0.909447332317795429275448408472505629526315679433797335377197 0.960751666556269376842185710561115878494570247066932176457435 0.986668173962835616908279748235221303042059698450746412157848 0.0600000000000000428823643261466713738627731800079345703123197
0.157777777777777794554481261002365499734878540039062500000192 0.0080027412745276159670792890042977537809975458860833842051596 0.0152827340317092189658717597655678731281095163734138176602967 0.0292911789171330505710038524706178411735991618353458736353337 0.0561133987595388140635683588858724032892750027668288037616664 0.105535149626122974384531994071646868546176372534634264696162 0.191693924165105131651251488346540318758887955097452406318888 0.320299699770309244593529428227659824904393202974948285208858 0.48971429628342274437843810446362047407247150927466807637223 0.645692947158821646855498675721837190331468959215935900828137 0.777184645504534918634917900638346166413603217437583780754575 0.855520342380969491074740661124417027924963123571896926440579 0.900593733486737786445200269936111639601798938075370691312812 0.938775064988827290257019929657252731621893197109447958071098 0.969188985478858187081744577597321200752281028538001373868205 0.988122239061269564194078718429509099094570076333870235822994 0.157777777777777794554481261002365499734878540039062499999632
0.255555555555555535818257339997217059135437011718750000000321 0.00851115651174117901025278292280120748921364193616950438375232 0.0165260819073061028301584904957104603865454032252162520315014 0.0313722858968317691725715352477479502410275686946554354868766 0.059231555019706093409414015450793825666389466675806999254796 0.109944376699604966892793128555572200361866524518866473459284 0.196731415722974094902339583428739736241139027133870914367003 0.326422448537421628753158015336226256300754242382669103538679 0.493530782780922996987434918995223051958725345048896534185651 0.652471925277012732484973601852152419423488188286673765568241 0.784658631264257936629563245562096166640314942342688141017436 0.87182110995605133107189401055696335498594149899423453284789 0.923803321740279315634748104504106589579093783156931907395196 0.951684083319221024266079423320565323460322914285114371641732 0.973789178890611372682289187083609799427277879995546400895994 0.98892419545327472405694219883431763590954619334169170250796 0.25555555555555553581825733999721705913543701171874999999952
0.353333333333333304837609034620982129126787185668945312500427 0.00895786657909699853096044062600269945332515985839692835816826 0.0176316599168295966285347699955673734120526462702250416718667 0.0331052650954521737259287218196018329551177191213074230661869 0.0617115348424948215409086229359613198059113729829946545423189 0.11336323960418460424305333004024477278688490973393028070167 0.200572646031608374867543637633736560303902545384725379469538 0.330969979454954405472483977357441027720798596779264793211021 0.496360410426848757457548938985398185153555220812179153425738 0.657244042014200158673083266375608036995802169406679720240045 0.789103312676888635307338226558687492475225773094219645256773 0.876832337868580332070965813102386974641643404360796939574255 0.930212850346606893692889592272540499913452042946489136070268 0.959731337035720852841168338198610486138169060644686831823524 0.977120655917647175475774472419133860389916101963196566546497 0.989557285916245007713845013652134920620362266329184994829071 0.353333333333333304837609034620982129126787185668945312499466
0.451111111111111018345809497986920177936553955078125000000501 0.00940198562559167563518644810309075831151979385447071820569244 0.0188132820237861499080165441380610497464130346328671217656853 0.0348153880632977807239377895636169268606910964318598937532877 0.0640417907765252575161443298815948357031797169877662316991735 0.116462755148781436293369870529678541260357802772408530322066 0.203972101195721276016845515119172932235577665842840898559076 0.334895110700003992142163434464932078195759831334554564445486 0.498819959628089027094495421439098850389832579352379760907113 0.661288448097579484614059912530042029163396045832052835941806 0.792693760334917237479726831740212261932222280629896523892423 0.880411129284604293131977715563310543908205479024660145357335 0.933447090818784699681853646184781799410933864334260330492619 0.963129940331869174213320421630296480684570412140569087400738 0.979611410833694529206710673330339428800321037217318334354316 0.990110066823188757308238423223070186958164154759731905482551 0.451111111111111018345809497986920177936553955078124999999461
0.548888888888888981654190502013079822063446044921875000000539 0.00988993317681124269176157677692981304183584524026809451744917 0.0203885891663054707932893266696605711996789627826816656456844 0.0368700596681308257866795783697035193154295878594309125992624 0.0665529091812153003181463538152182005890661356657396695073812 0.119588870715395706868022284436689456091794520975339854642665 0.207306239665082762520273168259787738067777719370103476107577 0.338711551902420515385940087469957970836603954167947164058194 0.501180040371910972905504578560901149610167420647620239092887 0.665104889299996007857836565535067921804240168665445435554514 0.796027898804278723983154484880827067764422334157159101440924 0.883537244851218563706630129470321458739642197227591469677934 0.935958209223474742483855670118405164296820283012233768300827 0.965184611936702219276062210436383073139308903568140106246712 0.981186717976213850091983455861938950253586965367132878234315 0.990598014374408324364813551896909241688480206145529281794308 0.548888888888888981654190502013079822063446044921874999999499
0.646666666666666695162390965379017870873212814331054687500534 0.0104427140837549922861549863478650793796377336708150051709287 0.0228793440823528245242255275808661396100838980368034334535027 0.0402686629642791471588316618013895138618309393553131681764759 0.0697871496533931063071104077274595000865479570535108639297318 0.123167662131419667929034186897613025358356595639203060425745 0.210896687323111364692661773441312507524774226905780354743227 0.342755957985799841326916733624391963004197830593320279759955 0.503639589573151242542451061014601814846444779187820846574262 0.669030020545045594527516022642558972279201403220735206788979 0.799427353968391625132456362366263439696097454615274620530462 0.88663676039581539575694666995975522721311509026606971929833 0.938288465157505178459091377064038680194088627017005345457681 0.966894734904547826274071278180398167044882280878692576933813 0.982368340083170403371465230004432626587947353729774958328133 0.991042133420903001469039559373997300546674840141603071641832 0.646666666666666695162390965379017870873212814331054687499573
0.74444444444444446418174266000278294086456298828125000000048 0.01107580454672527594305780116568236409045380665830829749204 0.0262108211093886273177108129163902005727221200044535991040062 0.0483159166807789757339205766794346765396770857148856283582678 0.0761966782597206843652518954958934104209062168430680926048035 0.12817889004394866892810598944303664501405850100576546715211 0.215341368735742063370436754437903833359685057657311858982564 0.347528074722987267515026398147847580576511811713326234431759 0.506469217219077003012565081004776948041274654951103465814349 0.673577551462578371246841984663773743699245757617330896461321 0.803268584277025905097660416571260263758860972866129085632997 0.890055623300395033107206871444427799638133475481133526540716 0.940768444980293906590585984549206174333610533324193000745204 0.968627714103168230827428464752252049758972431305344564513123 0.983473918092693897169841509504289539613454596774783747968499 0.991488843488258820989747217077198792510786358063830495616248 0.744444444444444464181742660002782940864562988281249999999679
0.842222222222222205445518738997634500265121459960937500000368 0.0118777609387304358059212815704909009054299236661297641770061 0.0308110145211418129182554224026787992477189714619986261317949 0.0612249350111727097429800703427472683781068028905520419289016 0.0994062665132622135547997300638883603982010619246293086871879 0.144479657619030508925259338875582972075036876428103073559421 0.222815354495465081365082099361653833586396782562416219245425 0.354307052841178353144501324278162809668531040784064099171863 0.51028570371657725562156189553637952592752849072533192362777 0.679700300229690755406470571772340175095606797025051714791142 0.808306075834894868348748511653459681241112044902547593681112 0.894464850373877025615468005928353131453823627465365735303838 0.943886601240461185936431641114127596710724997233171196238334 0.970708821082866949428996147529382158826400838164654126364666 0.984717265968290781034128240234432126871890483626586182339703 0.99199725872547238403292071099570224621900245411391661579484 0.842222222222222205445518738997634500265121459960937499999808
0.93999999999999995711763567385332862613722681999206542968768 0.013331826037164383091720251764778696957940301549253587842152 0.0392483334437306231578142894388841215054297529330678235425646 0.0905526676822045707245515915274943704736843205662026646228031 0.156541459765832373541406850674354547150824293301819969993746 0.228504469719715403282496594748041554701794345379147825238972 0.307639219483650035835871654639455071822955263466135277473981 0.396260636416236128499428592603778384822737609226747041920073 0.518697439963807711734545592640300327152713740584653428102422 0.692879483039947241706528074695887121124079262897798611162581 0.818359250730482696947459180899833722381916669265806259967435 0.903008167458818698721132012587464406861753315623646838724348 0.949640328041316226109463208367202101419962362593827671239155 0.974322560232305564322459268219320728351071296784643225970434 0.986758096478907462627227632243415026755462659068143141467018 0.992806846478232203670495365046288718025325366158888412527435 0.939999999999999957117635673853328626137226819992065429687442
