# mpmath dps=60 tau=1.6 G=16 Gp=17 F=9.1003779e-41 iters=69
0.0600000000000000151267887105177578632719814777374267578125617 0.00723201619443702429398258425038614531627202298237552739900947 0.0135136588735206294517663634961935739277629707840274392295148 0.0264450013552432726090974452604881772425249225513599428135498 0.0520893889024990723928899171484855959945460784219058442336545 0.100490434273525501309180490866075990771945480288369408221793 0.185856219203665206124897333090848113772606796612056124226158 0.31748465045239930924096368525046611620357214466285314986166 0.489727502245769692578485137237113874827920462835769021573534 0.605173354413506659360015906435741232474570512674253201219583 0.693415514299272115769213798297252484060855410098083618845835 0.773897900847818008673454591123125739943647596470469766094103 0.844974130085608687531202275549202492228728323795798693514479 0.909326917037393653512699973626573340932873700305529998970551 0.960472009922627409946848415243410485463254108761238239424123 0.986765371669259336341608109611064721691089131455037578738855 0.0600000000000000151267887105177578632719814777374267578123045
0.118666666666666684171183021589968120679259300231933593750149 0.00776340539198184528973793658732817924703933391303410137435128 0.0147977427651998591657626635798655093822023450428589431198679 0.0286597706207735793805256399361781679360439412021521972021435 0.0554777940540153929306934966702216634062506516049840966569419 0.10530361229685018404197698369841029342957245059520527752701 0.1916708405618411634946619660433984717030999897827734716274 0.323436709679249133349684913189887663964698659255944520670288 0.493016460528543372569472296545653928205451460234655394580612 0.650552172797141110427345001200945186220829220307423944032767 0.771338772894794703560004735367930306929393869404866010909772 0.833105180376180048284948341814373885125791408497277399170434 0.886872373975896348073031755492229440636813699890665901712105 0.931064315847321053030773692852386909326305345994070143107119 0.966508035804832919621992488044310870978445946760438341179459 0.987700218514962235605401229099435779486446136828634123589191 0.118666666666666684171183021589968120679259300231933593749672
0.177333333333333342807236476801335811614990234375000000000236 0.00811315147475674773197258288113769200169723126332183874492933 0.0156083922779982439232761216379647514046688540438782670161962 0.0299995580982311178111806552303982405712649861226537929788652 0.0574636909239073135917367963625798037748949765980138222462986 0.108010599065003040519075539197552013363332733785339020197307 0.194842810395695277321465655007378699812918799578075335411639 0.326531967132934730568846305889186036766318754331834533881695 0.494728811496565189710034105847277408825253358968284771278168 0.654192708666166731035974653022984293582694113282364612996428 0.783731799015027071612722543214465666524899847914124947706378 0.864611532955155319065961378394136345019719451478238491609721 0.907396571998224404266048023304211202553967985755912330605493 0.942498992412431651463635581416270744791587924812393545213795 0.970288493824727185341779746127406950037284474079668070015587 0.988303438348211846527430030973500594962596968491255282715919 0.177333333333333342807236476801335811614990234374999999999573
0.236000000000000001443289932012703502550721168518066406250321 0.00839738908823360384958357797829553521692332882194772842058628 0.0162548386334156726272239013652621780937069035167889721107665 0.0310358798873359937250272793903072672908915880043858811408348 0.0589736925480615725282214803587825207930001905942705440469938 0.110036794476374095231398656151251218347730039247566845150135 0.197187475873348907782314222934519915158521990758360041075 0.328792121485636357930336209654297085394601736912252105992224 0.495987192158999870556271337129060868048687778859875852869146 0.656635535475651751933425663570820978567202456120911753714171 0.786938639786884930127519033087178632642373637229585060834363 0.874602240284282649454293028244652017668487176325689282811169 0.920688892331575414854864474214376106284044596082812323212929 0.95008222511952939218708787585317060484148557949805784128245 0.973082564598702989761374633753147769289964230160676278344208 0.988777591785221378075349414372009535360477946013685460713433 0.2360000000000000014432899320127035025507211685180664062495
0.294666666666666632323767771595157682895660400390625000000396 0.00865413043272552622928016608233719206462650197957880832503536 0.0168341938740766849887287299602749805006718367623697501367075 0.0319328417216896031891419961053399259350722835424909034200809 0.0602528532654582936448642276693541765769881162399967991070948 0.111731907568954153640271617522891580999079674244942961333987 0.19913859767163903501355882407515956990607337619970905030964 0.330659081286007001102279854299287444716954626568738025466724 0.497027343936621648802719090030100408471845837444680798218488 0.658584894765631134211666390290511065211970073615194605040208 0.789238643023159488425523026098622112914236634672912118002115 0.877398908236163847933560682211462032417900475770088567448248 0.929703083107251710689776613400921709836822739895283595757522 0.955738693655084273372477880457447642208876921416130870139672 0.975328466772793443652562547558383149882593305946832454660578 0.989186031506168010183846660681424081555636925977286266303361 0.294666666666666632323767771595157682895660400390624999999451
0.353333333333333332593184650249895639717578887939453125000463 0.00890553248444929376058535168303275820414693485226150258715787 0.0173985797572884227723494140158371249724682560272898432988642 0.0327698091472164901015579675686694651686827391187761359369913 0.0614112324376377935884820119220622392661865684804817873881861 0.113252126338361833713249121955359385007976981017925727232519 0.200862449812533381062066143260170566216023208738694491209341 0.33230153289360727676252283140768913676600610231772825848547 0.497943541404750998939094179397838450314028762868009032751613 0.660274298993356206948487118089002911788454169220816323420247 0.791146424545216772055741845408860527365198531225755389051314 0.879384144450890402912264706000824196350073707237688825712544 0.932270084324553004814972192797312898463155626805704734333653 0.960621016516602953581213671320643967510172614598562306378641 0.977237731507854187527101736051187536562361065251443501977942 0.989557220157254966399096480819146045264455990124945725079112 0.353333333333333332593184650249895639717578887939453124999424
0.411999999999999949595874682017893064767122268676757812500514 0.0091684437452659065870757262301879277724337474023876820347042 0.0179953855737450173351033870183128038919416870469553641926231 0.0335999544933506228490453925757970959926728814330914003149402 0.0625192220420362662696859281189308939624741580385552724125053 0.114678230263686769369861304977806420992442947482543048657307 0.202469394870795841715645541040709817528563974840350286897581 0.333817172409709948465336818617989473901463095141258420721282 0.498791402169217927738116939787875388755777161480330061933737 0.661821084231425591728446992366610030611409732124249216853141 0.792847454611491590640594692881161580407608885538373917223762 0.881036775475883855826413483446158559962690010178034310215387 0.933895091750834429665342571232198924443101974310671079700093 0.963133587906534202410707884122132946621602380444413407389709 0.978979253915251918369887024236372770044809717272681960152611 0.989906656599760460399650577141858927527793553010670836409964 0.411999999999999949595874682017893064767122268676757812499414
0.470666666666666677620867176301544532179832458496093750000554 0.00945230443113225044953089425494933317982532523242004472387805 0.0187014924631126673257957140577761843561766894064208041228705 0.0344800549037300327204017098983447350005282530621766027802633 0.0636276057035598174029639863662983671793521223952596697667162 0.116066273984142518534989822563346899306245870249496903571837 0.204019924151003172427312988137424346169067495589473331798035 0.335271302170257850691629374368578384246190431443652876233429 0.499600434033627256965318122981114680789373860781669841276042 0.663290137201255543404671821332460794002298990424260614003195 0.794434779928938661313428020439015178575261412953209766882015 0.882523901481833929997736439516766738658339370584472947203698 0.935205133080994556952604549950001429353921741854732372537045 0.964498298504931070827057736747749658057146410334799387256093 0.980357445464452901180625165948660530825906152580588769662968 0.990239731901732661288363967959756250329292793826896803983252 0.470666666666666677620867176301544532179832458496093749999424
0.529333333333333322379132823698455467820167541503906250000576 0.00976026809826733871163603204024374967070720617310319601674792 0.0196425545355470988193748340513394691740938474194112303370324 0.0355017014950689291729422632522503419428535896652006127439069 0.0647948669190054430473954500499985706460782581452676274629549 0.117476098518166070002263560483233261341660629415527052796302 0.205565220071061338686571979560984821424738587046790233117985 0.336709862798744456595328178667539205997701009575739385996805 0.500399565966372743034681877018885319210626139218330158723958 0.664728697829742149308370625631421615753809568556347123766571 0.795980075848996827572687011862575653830932504410526668201965 0.883933726015857481465010177436653100693754129750503096428163 0.936372394296440182597036013633701632820647877604740330233284 0.965519945096269967279598290101655264999471746937823397219737 0.981298507536887332674204285942223815643823310593579195877129 0.990547695568867749550469105745050666820174674767579955276122 0.529333333333333322379132823698455467820167541503906249999446
0.588000000000000050404125317982106935232877731323242187500586 0.0100933434002395396003494228581410724722064469893291635900355 0.0210207460847480816301129757636272299551902827273180398473889 0.0368664120934657975892921158778670533783976195555865926102913 0.0661049082491655703346574287678010755568980256893289202999072 0.118963224524116144173586516553841440037309989821965689784613 0.207152545388508409359405307118838419592391114461626082776238 0.338178915768574408271553007633389969388590267875750783146859 0.501208597830782072261883060212124611244222838519669938066263 0.666182827590290051534663181382010526098536904858741579278718 0.797530605129204158284354458959290182471436025159649713102419 0.885321769736313230630138695022193579007557052517456951342693 0.937480777957963733730314071881069106037525841961444727587495 0.96640004550664937715095460742420290400732711856690859968506 0.982004614426254982664896612981687196108058312953044635807377 0.990831556254734093412924273769812072227566252597612317965296 0.588000000000000050404125317982106935232877731323242187499486
0.646666666666666667406815349750104360282421112060546875000576 0.0104427798427450336009035191808539547355440098750542749208881 0.0227622684921458124728982639488124634376389347485564980220576 0.0393789834833970464187863286793560324898273854014376936213588 0.0677299156754469951850278072026871015368443731942952656663465 0.120615855549109597087735293999175803649926292762311174287456 0.208853575454783227944258154591139472634801468774244610948686 0.339725701006643793051512881910997088211545830779183676579753 0.502056458595249001060905820602161549685971237131990967248387 0.66769846710639272323747716859231086323399389768227174151453 0.799137550187466618937933856739829433783976791261305508790659 0.886747873661638166286750878044640614992023018982074272767481 0.938588767562362206411517988077937760733813431519518212611814 0.967230190852783509898442032431330534831317260881223864063009 0.982601420242711577227650585984162875027531743972710156701136 0.991094467515550706239414648316967241795853065147738497412842 0.646666666666666667406815349750104360282421112060546874999537
0.705333333333333367676232228404842317104339599609375000000549 0.0108139684938319898161533393185759184443630740227137336966391 0.0246715332272065563474374524416168501174066940531675453394216 0.0442613063449157266275221195425523577911230785838691298603278 0.0702969168927482893102233865990782901631772601047164042424778 0.122601091763836152066439317788537967582099524229911432551752 0.210761356976840511574476973901377887085763365327087881997885 0.341415105234368865788333609709488934788029926384805394959792 0.502972656063378351197280909969899591528154162555319201781512 0.669340918713992998897720145700712555283045373431261974533276 0.80086140232836096498644117592484043009392662380029094969036 0.888268092431045846359728382477108419000920325755057038666013 0.939747146734541706355135772330645823423011883760003200892905 0.968067158278310396810858003894660074064927716457509096579919 0.983165806125923315011271270039725019499328163237630249863293 0.991345869567274473770719833917662807935373498020421191674965 0.705333333333333367676232228404842317104339599609374999999604
0.7639999999999999985567100679872964974492788314819335937505 0.0112224082147786219246505856279904646395220539863145392865671 0.0269174354012970102386253662468522307100357698393237216557921 0.0499177748804706078129121241468293951585144205019421587175498 0.0793111076684245851451355257856238937159554039171876767870715 0.125397759715717350545706971755347982331512823674310717188831 0.213061360213115069872480966912821367357626362770414939165637 0.343364464524348248066574336429179021432797543879088246285829 0.504012807841000129443728662870939131951312221140124147130854 0.671207878514363642069663790345702914605398263087747894007776 0.802812524126651092217685777065480084841478009241639958925 0.889963205523625904768601343848748781652269960752433154849865 0.941026307451938427471778519641217479206999809405729455953006 0.968964120112664006274972720609692732709108411995614118859165 0.983745161366584327372776098634737821906293096483211027889234 0.991602610911766396150416422021704464783076671178052271579414 0.76399999999999999855671006798729649744927883148193359374968
0.822666666666666657192763523198664188385009765625000000000427 0.011696561651788153472569969026499405037403031508744717284081 0.0297115061752728146582202538725930499627155259203319299844129 0.0575010075875683485363644185837292552084120751876064547862052 0.0926034280017755957339519766957887974460320142440876693945067 0.135388467044844680934038621605863654980280548521761508390279 0.216268200984972928387277456785534333475100152085875052293622 0.345807291333833268964025346977015706417305886717635387003572 0.505271188503434810289965894152722591174746641031715228721832 0.673468032867065269431153694110813963233681245668165466118305 0.805157189604304722678534344992621300187081200421924664588361 0.891989400934996959480924460802447986636667266214660979802693 0.942536309076092686408263203637420196225105023401986177753701 0.970000441901768882188819344769601759428735013877346207021135 0.984391607722001756076723878362035248595331145956121732983804 0.991886848525243252268027417118862307998302768736678161255071 0.822666666666666657192763523198664188385009765624999999999764
0.881333333333333315828816978410031879320740699768066406250328 0.0122997814850377643945987709005642205135538631713658764108088 0.0334919641951670803780075119556891290215540532395616588205408 0.0689356841526789469692263071476130906736946540059298568928808 0.113127626024103651926968244507770559363186300109334098287895 0.166894819623819951715051658185626114874208591502722600829566 0.228661227105205296439995264632069693070606130595133989090228 0.349447827202858889572654998799054813779170779692576055967234 0.506983539471456627430527703454346071794548539765344605419388 0.676563290320750866650315086810112336035301340744055479329712 0.8083291594381588365053380339566015282969000102172265283726 0.89469638770314981595802301630158970657042754940479472247299 0.944522205945984607069306503329778336593749348395015903343058 0.971340229379226420619474360063821832063956058797847802797857 0.985202257234800140834237336420134490617797654957141056880132 0.992236594608018154710262063412671820752960666086965898625649 0.881333333333333315828816978410031879320740699768066406249851
0.939999999999999984873211289482242136728018522262573242187695 0.0132346283307406636583918903889352783089108685449624212611452 0.039527990077372590053151584756589514536745891238761760575877 0.0906730829626063464873000263734266590671262996944700010294493 0.155025869914391312468797724450797507771271676204201306485521 0.226102099152181991326545408876874260056352403529530233905897 0.306584485700727884230786201702747515939144589901916381154165 0.394826645586493340639984093564258767525429487325746798780417 0.510272497754230307421514862762886125172079537164230978426466 0.68251534954760069075903631474953388379642785533714685013834 0.814143780796334793875102666909151886227393203387943875773842 0.899509565726474498690819509133924009228054519711630591778207 0.947910611097500927607110082851514404005453921578094155766345 0.97355499864475672739090255473951182275747507744864005718645 0.986486341126479370548233636503806426072237029215972560770485 0.99276798380556297570601741574961385468372797701762447260099 0.939999999999999984873211289482242136728018522262573242187438
