# mpmath dps=60 tau=1.0199 G=32 Gp=17 F=1.4168524e-25 iters=40
0.0600000000000000394129173741930571850389242172241210937500548 0.00736036161305597718988818429996877409366437910010775651913486 0.0142574554187883032510543182334048979294785647245401766212848 0.0283074147894937210395634094555774547955085223595714378513874 0.0558833609320793811740859132158085815281285797270670978680377 0.107407210184437097504331113157913233846807925578691415330475 0.195484196123756544941369772324124480722241777991832786532573 0.329569314617910852728046248037046082815867168924866257745979 0.49838994417057184698405175957034065805094487652216048847992 0.60769223747369605161325989789979578841397845845967234469635 0.696823448479640669666828991011037559790958561044824616193715 0.776091627294365012217138982368179450236831375672008376559638 0.845515345998568382738586829521731395648209546705789949065692 0.907836033140835744943944731501741776730896408665036936453565 0.959496803150508058258381149688871710363537143255403262292467 0.986949186795098368989853139105176739687382904941146948713345 0.0600000000000000394129173741930571850389242172241210937498292
0.088387096774193533998964511511076125316321849822998046875091 0.00761661830515770835125293498829232880188658022757284623805499 0.0147806188907275083824789418734553444251078996780309141750254 0.0291058363181116907447619287201255915825024633134369393579006 0.0569532620905063589882105639527321248274805881146898706639478 0.108670542420605062909850855520518041511433262667484206957794 0.196914108493568026302345597634498737663866791717105765565746 0.330628659371389394206307705043616981325990769432300789212214 0.498668509804082926288725172765312146526658420205604292576015 0.651094641597725670501803773601745354048546135890776112325261 0.738994559825519906686410112676442599684042505334106737786211 0.811061627679207551122403864711378217693879761330033597074391 0.870886120199493701393264005013139992530435491806836069186763 0.921545728895232461623702525891989972425377497840078404865035 0.963148222490113355509668739795925638156948260802819250019587 0.98742508482835250853780953099425118273011313619772897443161 0.0883870967741935339989645115110761253163218498229980468747692
0.116774193548387132668420207437520730309188365936279296875128 0.00780409360687760110672359081396625449408299963634764273451017 0.0151470970871638748999528012256472895184804627216148255409091 0.0296515819670262236847895630498312005656826901405930503689417 0.0576693022252840642707311213299537878392063949027056932977966 0.109495152697294098989954686720642216632885290278325902151153 0.197794670651279178707507351583115738859807142296966822315643 0.331266702597130718607700560690566948303661464004511029733854 0.498853810630039498446776197861196804443922196141708278310171 0.661125665316719975065940179044386568180916383291460450834294 0.765897449158970710998070232069702387160563125773555876564951 0.83342889213391043763360124900891584955647976266022414873539 0.887010655358921732873748003142869005346113737665656127969406 0.930568489147695761561536356623719446366162508337030300318007 0.965883757581457889404257230566545918807877139899628516922401 0.987786660182908131926798834453322472464391761919327210761053 0.116774193548387132668420207437520730309188365936279296874717
0.145161290322580627254467344755539670586585998535156250000165 0.00795573605417117705384366485745538852508568781984437216712683 0.0154375489062952510377533297401741965724170514446324269771484 0.030079410845714973563587680140012596788790620718194246012558 0.0582257260528117466043929882847501051957768642187730206510307 0.110131636759885205965511567529136896853288421181453276675033 0.198464336919428018487946601709658913104440258661519563958945 0.33175113150996779775587457101612968816992381445825031070843 0.498998768944374524435523176708527179938086959960928490727417 0.661666244042460101889408027329557017318671095366775984482509 0.784538170906548928321993974974622600119878573942142540035362 0.849333530456751500792856242116595865611549318017665623096056 0.898500401115692225342550493249474825654104312780613618560712 0.937162277589188266139193768632637123476137618339803349393046 0.96807190320989292498262377502705518642609105517295849978195 0.988084706339918103008152249306042313703923933709074357768229 0.145161290322580627254467344755539670586585998535156249999671
0.173548387096774225923923040681984275579452514648437500000202 0.00808609252780574600982250763548491911319320899662957359380666 0.0156836751346415449634227931322231275745885135308973832288799 0.0304385182427533584421784062339360831047560096456731102473277 0.0586898258006782013504897783809782051126548804842557534364965 0.110660053214958279074286482353347947079531895405846617403469 0.199017810209964114874843729470672911226327359398223985820399 0.332151457273305149829790009545296475137422830783442668101992 0.499120188027412210355962623494350430801358604755251195063905 0.662092032876631190071710853607021946516470827237676389446681 0.792711809205196485984895950673012234068282978935034175095658 0.861348745981456065297065194699041604479879359818401065342138 0.907262105088036593851208635544775440538244484314203443527643 0.942295470115722770505571901096001607117419626626847598265246 0.969896780622856449114212139299594518963866486836205330395524 0.988343433732704788817763738435701582662663038584043441561629 0.173548387096774225923923040681984275579452514648437499999632
0.201935483870967713571076274092774838209152221679687500000239 0.00820298996987022561113545665863439313185854409401918525691275 0.0159009894040651629679509745179017977298651704373168448384026 0.030752391840685790682318544585626529759487102630442461459763 0.059094425882620131466502159579287984793630937056590420918451 0.111118893439896288661961940964299945644231235054080718709763 0.19949656537573821300927203494951216250318419331978787125699 0.3324978925074646948865629542047312579522933343499341459393 0.499226083008485295092531339341471514436428065193413502408597 0.66245294854098251564926095778689308010983153417527323018637 0.79332977292512555856716909109649299010849984911516810005107 0.870789693286311832542703750387731821243623148490742481617035 0.91424936758401317636399053763022092959104507044478001133117 0.946465193187670892540410050113528986145274971129069305621414 0.971463966220138119667368594240238070445959106562785120404129 0.988576006042757960684623240714975117747995762012759130606914 0.201935483870967713571076274092774838209152221679687499999598
0.230322580645161409385046624720416730269789695739746093750274 0.00831135286301434469915309080564092771797570463660241383562329 0.0160989190561171805794374622862308425990617175554443512616268 0.0310356514783803856196804060770112675676712583511518723054684 0.0594565949976283021051262543900494753918224546616578762989344 0.111529072989007371328282706718760582804863011635194143118788 0.199923725213203040141143586640127385229868564850637684233816 0.332807090181273755092480265496498913972015047425785444682165 0.499321000122218186092808511164971206805572988239150551713507 0.662771245511132926021234586442988300432177695103914532914351 0.793831975533922883521184773728342298505043781307120284355185 0.881888432554900305413951811420295054985261910762598596711279 0.92000058518490797641243578665735716473678944139661223887614 0.94995762735570719311492805197493147873304745220228086601068 0.972839635929878473717826414407694939764596802151433572701909 0.988790277162024645840605909995471940074086024580318936129038 0.230322580645161409385046624720416730269789695739746093749569
0.258709677419354716620958356543269474059343338012695312500306 0.00841475304360203021304406701065021736729119261266940484913095 0.0162838820433949554136281897725384763052496669486927511667162 0.0312968835567096069924068948953692227937015979615423850159073 0.0597890999429410873820654090866679338211185301802753135766801 0.111904678240190398574865421213944168191482515373025920351397 0.200313353703748697714568942664154051669260247528354904917354 0.333089191224148164463827365187607465756920122253707238147872 0.499407838184750847433013089087829014762481165984884260761786 0.663059626838853447323280208086175500389418349719849751194519 0.794268007785385248179136712839958577455906420987245843784385 0.882547188734086326771554061311445367425177165835324302326249 0.924850206005841480037311624839274268213478819175641178276955 0.952951312732704352061230669085252479119432506969125794104681 0.97406799264416667138183002491317154888689889025411698783488 0.988991280608964860887099398730152093811867925013878647198167 0.258709677419354716620958356543269474059343338012695312499546
0.287096774193548398557140899356454610824584960937500000000338 0.00851623427903669618145582292888764263373175028409553986422572 0.0164607075560343020575793528249616084418805518178878194622783 0.0315421099542691696071799756188154703445763075996001614786391 0.060099358305422599000731395553035896006474628274516511972654 0.11225325756122237757153105477285138877765147931357793931443 0.200675442200843884956671723632326939758768437426307813464295 0.33335081550843421621335018901376108326166758576677699083815 0.49948854072294986277156332012807046082121006882976330349045 0.663325900714038801230904272942692197794781326311906788958878 0.794660528664551065681522747396857941575839101977445935963911 0.883037547890510911754951406731998517556806173488024546559765 0.929046373640540547433575449049547152515884727165101579152377 0.955564690950397446123768920285005934798075803982507365264798 0.975180029901767292016216730938170870863035526852382121258297 0.989182437692587732566678549597010640526273166662759116280685 0.287096774193548398557140899356454610824584960937499999999527
0.315483870967741886204294132767245173454284667968750000000367 0.00861833097694699619165088901672081415884134337475765037537396 0.016633478678904347636740338921345979472346949403005247543803 0.0317760902015243728853595178778302689687094715395098024277039 0.0603927615102610389341556426613420433670402592169033558623265 0.112581920479708196423724873361389449384419840605625523757363 0.201015640112038526759900896918454935213907104367803458762855 0.3335969460976763885487884499020299172444742104471464975645 0.499564519938885246714559877796656721544074069967283542386975 0.663575386908240239899135304535200400121465501285547720811576 0.795022443723832786162153241532413081032564520596211022031002 0.883451177716715686371424909918324240288698343664882459052088 0.935375867206020033575680774949496712506533165283747434898184 0.957880808260541527771926317684443033095842557074388588710086 0.97619835317844776595096765369377601939431399488801256871967 0.989366196563822351492641076261841065080517481943307225731826 0.315483870967741886204294132767245173454284667968749999999511
0.343870967741935484873749828693689778447151184082031250000395 0.00872422603126728124927362912494359801242678429909716943615436 0.0168063134157861963275744511909423025473574848866274713670584 0.0320026226411274625949597305734910065199380433595760305112914 0.0606734543320832737036598233020408008109383547910745582961514 0.112895649326608987088659170915250393012025694279804057328278 0.201340078017243896258418584585092061730072026230960608861677 0.333831094714781644409714984445912444997697589367553818880885 0.499636828599339826456674368144541706054236246860102712851742 0.663812047258836740702078300164477461951715520898026581991662 0.795362004573148052486714326463549421434306901192403713460945 0.883819605631224731662990584383757275822906974515956898551667 0.936021721128988691762996718741521004995030479445138280626556 0.959962865047503588536753216282390010440500380782022696402195 0.977140045063312680412718393113006902236209131217747578008387 0.989544396113551463096921718091819792953697850999005088283627 0.3438709677419354848737498286936897784471511840820312499995
0.372258064516129083543205524620134383440017700195312500000418 0.0088375675429869401629915163205273095643234831175074260559454 0.0169840412209402827532080114871277385031304548260966525158243 0.0322251049545614925531170924549570274916116246124614942214456 0.0609454547011640450905277359415343771665145710216304295783644 0.113197917910757865371952946526062202254166083139381949201273 0.201651703717970602499694926152419140081460962070378320988071 0.334055937929953854592730167288457529664187049010813956373076 0.49970632314409406918713161250194903070307960690726536946456 0.664038870610065312470688100749065560822644906070458932131837 0.795684869026061633291253571067763567255004611087801640342099 0.884158803077193460541484436149266159065805603781793223742439 0.936463369446638172109487985096279148345597399751612032336841 0.961876929459261325678893997486133176202350457567944187702168 0.978018539865325554477185212044283697310167007821081049581972 0.989718489193379335923191380461086582376791198750824704664561 0.372258064516129083543205524620134383440017700195312499999493
0.400645161290322598945934373659838456660509109497070312500442 0.00896167688246335465080391573438121098517671643912328375146444 0.0171728711520959616441309473676326484645491217220175340147003 0.0324470311032309292996224033770517417415236827431457197278743 0.0612115171244604513475335076714046120098927610092627163012052 0.113491747089319273551214866922982752555177079189618108816633 0.20195360095351979282421747614846097578436439694425075358064 0.334273853611933341143557738933420961399290653041386208641891 0.499773648609350742956800629784062380480563857507454036807859 0.664258176841171938626399270648887449938959263784357923871098 0.795995219889710365702349048419869954349104415852360509431021 0.884477913421858726843469986028620240284569941340299897003306 0.936827206472499575917109831618118396853141366520769889666746 0.964871375301836000381683636466018457240934235534955034775664 0.978845158689093280585445796682494136265912813399270753996179 0.989889696142627219384486046674248507392297685854975977825463 0.40064516129032259894593437365983845666050910949707031249949
0.42903225806451616985981445395736955106258392333984375000046 0.00910179467257999303747617532218635851648999412451197224683692 0.0173836916493189117738016313836931908469231016183436814203636 0.0326720631618888249241465846261032351359354046766581688553413 0.061474455977324925574633077144656731342474807242552491143529 0.113779666304079586700026633774132055897445869088011029276788 0.202249153564695100014797555234914585474818461978227046847965 0.334486684664866562604372085289288105832161975147998945260215 0.499839395383712341757474318498719172661776237926114677775696 0.664472010712859580910660664322716199737652328881688100893962 0.796296368380691451801933401504550199168193954408995136273763 0.884782915531965770365800801250640557658438378651063237973995 0.937149357482700207491031009167853555901775498757589661355629 0.965832338067579261715034308903684786408957402112556685359463 0.979631588083655924483443714532910362967319390252162264051995 0.990059144478817876263437832012853732592801066724511742320791 0.42903225806451616985981445395736955106258392333984374999949
0.457419354838709740773694534254900645464658737182617187500475 0.00925913124201861707848413028228488300940312907222455883823136 0.0176380995936924701172173633167329044851286388405072030782183 0.0329047484312815384162374628593542244233845477091076678101421 0.061736957960731045411943172564994301564129327758032398805542 0.114064466486427099888013190689795929227067252676814974430838 0.202540435963419987240698595339472553378257776850965157688393 0.334695982868338908714785139853969857084947412381858941051191 0.499904061285455176073451004403867786327397418336086204775225 0.664682025488665799475113320308967588623017859404499888302259 0.796591142294934696545447622321231630341166033791148618806989 0.885078136252013706057586327849708551399417275939790020001044 0.937446255894802056328418977765028843503104634651674766368606 0.966256671364975227038275099737115878405544774484531901494948 0.980413909407283739946059386111302716966395616262643083723497 0.990228121358686721864304360023959623637478863737302680151565 0.457419354838709740773694534254900645464658737182617187499494
0.485806451612903256176423383294604718685150146484375000000489 0.00942791779385500906799428095285347429980315673926477887243233 0.0179953833547314779036112515277528555312306599656973430791318 0.0331519201272632890253643220213917352190381023384436084108466 0.0620019790970377548841490017811824023462705795480134296648661 0.114348191424687322274518239469841457050894334650176089074078 0.202829447491101214563732970204626397757461293966592528933055 0.334903343050863405681907576106619321116263188506035586176321 0.499968083978963008409832286679951413648552613055068772547601 0.664889780267494574345672934065072744000717715294674347496212 0.79688170366813409790396334576238120538575039560182389963276 0.885366845100326566690106676467752344394706263599575912266633 0.937727157403947499395478826287437603354561404887031347181295 0.966575780306195265402609844226830988340099348785712682901489 0.981320827723295884963130000177800713687297101599061932855597 0.990399058028612013259059432295280465640192027045684258003781 0.485806451612903256176423383294604718685150146484374999999501
0.514193548387096743823576616705395281314849853515625000000499 0.00960094197138798674094056770471953435980797295431574199621882 0.0186791722767041150368699998221992863127028984009380671444032 0.0334242196938047345973901557731690116599006512142873170985111 0.0622728425960525006045211737125623966454385951129686528187053 0.114633154899673433309893323532247655605293736400424087733367 0.20311829633186590209603665423761879461424960439817610036724 0.335110219732505425654327065934927255999282284705325652503788 0.500031916021036991590167713320048586351447386944931227452399 0.665096656949136594318092423893380678883736811493964413823679 0.797170552508898785436267029795373602242538706033407471066945 0.885651808575312677725481760530158542949105665349823910925922 0.937998020902962245115850998218817597653729420451986570335134 0.966848079872736710974635677978608264780961897661556391589153 0.982004616645268522096388748472247144468769340034302656920868 0.990572082206144990932005719047146525700196843260735221127568 0.514193548387096743823576616705395281314849853515624999999511
0.542580645161290259226305465745099354535341262817382812500506 0.00977187864131327813569563997604037636252113626269731984843456 0.0195860905927162600539406138886972830336043837373569162765029 0.0337433286350247729617249002628841215944552255154680985050515 0.0625537441051979436715810222349711564968953653483252336313941 0.114921863747986293942413672150291448600582724060209979998956 0.203408857705065303454552377678768369658833966208851381193011 0.335317974511334200524886679691032411376982140595500111697741 0.500095938714544823926548995596132213672602581663913795224775 0.665304017131661091285214860146030142915052587618141058948809 0.797459564036580012759301404660527446621742223149034842311607 0.885935533513572900111986809310204070772932747323185025569161 0.938263042039268954588056827435005698435870672241967601194458 0.967095251568718461583762537140645775576615452290892332189858 0.982361900406307529882782636683267095514871361159492796921782 0.990740868757981382921515869717715116990596870927775441161769 0.542580645161290259226305465745099354535341262817382812499525
0.57096774193548383014018554604263044893741607666015625000051 0.00994085552118212373656216798714626740719893327548825767920919 0.0203684119163440755165562854670896370326806097478377359480053 0.0341676619324207382849656910963152135910425978874433146405371 0.0628506425172997925089689908321464440982245012424103386443705 0.115217084468034229634199198749359442341561621348936762026005 0.203703631619308548198066598495449800831806045591004863726237 0.335527989287140419089339335677283800262347671118311899106038 0.500160604616287658242525681501280827338223762073885322224304 0.665513315335133437395627914710711894167838024852001054739785 0.797750846435304899985202444765085414525181538021772953152035 0.886220333695920413299973366225867944102554130911988970723211 0.938525544022675074425366922855343268657525192757447508856471 0.967327936838111175075853415373896764864064595323341831144659 0.982616308350681088226198368616306809153076898381656318579636 0.990898205327420006962523824677813641483510005875488027753163 0.57096774193548383014018554604263044893741607666015624999954
0.59935483870967740105406562634016154333949089050292968750051 0.0101103038573727806155139533257514926077023141450240221745369 0.0211548413109067194145542033175058637340871866007292460038207 0.0351286246981639996183163635339815427590657644650449652243357 0.0631727935275004240828901683818816031468586334792301103332541 0.115522086578141273156530013971379759715430058659700102996694 0.204004780110289634297650951580130045650895584147639490568979 0.335741823158828061373600729351112550061040736215642076128902 0.500226351390649257043199370215937619519436142492545963192141 0.665726146388066658856442261066579038600709346958613791358109 0.79804639904648020717578252385153902421563560305574924641936 0.886508252910680726448785133077017247444822920810381891183367 0.938788482875539548652466492328595387990107238990737283698795 0.967552968896769070700377596622948258258476317256854280272126 0.9828271288479040383558690526323673515354508782779824659853 0.991038323117536645349196084265618789014823283560876716248536 0.599354838709677401054065626340161543339490890502929687499558
0.627741935483870916456794475379865616559982299804687500000507 0.0102815108066206640768086195389134176232088012491752953354387 0.0219814601346744455228147879557163026898329921789189504180278 0.0381230705407386743211060025138668237976495424320558122978321 0.0635366305533618278905120149037208516544026002483879676631594 0.115841196922806539458515563850733840934194396218206776257561 0.204315130973938366708746428932236432744995388912198359657901 0.335961129389934687529311899250934439177355093929541067868163 0.50029367685590593081286838749805096929692039309273463053544 0.665944062070046145407269832711542470335812950989186043626924 0.798348296282029397500305073847580859918539037929621679011929 0.886802082089242134628047053473937797745833916860618050798727 0.939054545298835954909472264058465622833485428978369570421636 0.967774895045438507446882907545042972508388375387538505778554 0.983015958779059717246791988512872261496869545173903347484176 0.991162432457013059837008483679472690435676516882492573944055 0.627741935483870916456794475379865616559982299804687499999582
0.6561290322580645151262501713063102215528488159179687500005 0.0104556038864485369030782819081802070463021490009949117163728 0.0228599549366873195872816068869930977637908687822524219916131 0.0400371349524964114632467837176099895594996192179773035978054 0.0639782788710113082370032812584789950049695205548617193734437 0.116180394368775268337009415616242724177093025484043101448333 0.204637995426851947513285673536450578565693098807596286539055 0.336187952741163259297921699835522538048284479101973418008338 0.500363171400660173543325631855458293945763753139897287148258 0.666168905285218355590285015554087555002302410632446181119115 0.798659921982756103741581415414907938269927973769039391138323 0.887104350673391012911340829084749606987974305720195942671722 0.939326545667916726296340176697959199189061645208925441703849 0.967997377358872537405040269426508993480061956640423969488709 0.983193686584213803672425548809057697452642515113372528632942 0.991275773968732718750726370875056401987573215700902830563846 0.656129032258064515126250171306310221552848815917968749999605
0.684516129032258113795705867232754826545715332031250000000489 0.0106338034361776485073589237381589349194825180566927742681739 0.0238016468215522340490323463062239806056860051119874312803301 0.0421191917394584722280736823155569669041574429256114112899136 0.0646241327939799664243192250505032874934668347162525651018159 0.116548822283284313628575090081675759711301656335117540947912 0.204977556276167213837846758467586918967435479403788977968998 0.336424613091759760100864695464799599878534498714452279188424 0.500435480061114753285440122203343278455925930032716457613025 0.6664030539023236114512115500979700827555257895528535024355 0.798984359887961473240099103081545064786092895632196541237145 0.887418079520291803576275126638610550615580159394374476242637 0.939607238489738961065844357338657956632959740783096644137674 0.968223909798475627114640482122169731031290528460490197572296 0.983366521321095652363259661078654020527653050596994752456197 0.991381669023053003808349110983279185841158656625242349624626 0.684516129032258113795705867232754826545715332031249999999633
0.712903225806451601442859100643545389175415039062500000000473 0.0108175623074122674333214504029893594737268333372408837193154 0.0248199700982327079837832690618291291369644731476178787417035 0.0444353090496025538762310797149940652019241960174926347352022 0.0709536263594594525664245509504528474841152728348984208476231 0.116962452109489088245048593268001482443193826511975453440235 0.205339471335448934318477252603142058424160898022554064036089 0.336674099285961198769095727057307802205218673688093211041122 0.50051145927705013722843667987192953917878993117023669650955 0.66664918449156578378664981098623891673833241423322300916185 0.799324557799156115043328276367673060241231562573692186535705 0.88774674243877762242846894522714861122234852068642206068557 0.939900641694577400999268604446964103993525371725483488027346 0.968457890045730830392820024381184529655423692400399838521361 0.983539292443965697942420647175038391558119448182112180537722 0.991483765720963303818544177071112357366268249715904460135774 0.712903225806451601442859100643545389175415039062499999999662
0.741290322580645283379041643456730525940656661987304687500454 0.0110087193910351391129006012698479061881320749861213528018328 0.0259320073558333286181699750868284511131011097458830121651198 0.0470486872672956479387693309147475208805674930308742058953189 0.0751497939941585199626883751607257317865211808243588217230449 0.117452811265913673228445938688554632574822834164675697673751 0.205731992214614751820863287160041422544093579012754156215615 0.336940373161146552676719791913824499610581650280150248805481 0.500592161815249152566986910912170985237518834015115739238214 0.666910808775851835536172634812392534243079877746292761852128 0.799686646296251302285431057335845948330739752471645095082646 0.888095321759809601425134578786055831808517484626974079648603 0.94021090005705891261793459091333206617888146981972468642332 0.968703116443290393007593105104630777206298402038457614984093 0.983716117956605044586371810227461523694750333051307248833284 0.991585246956397969786955932989349782632708807387330595150869 0.741290322580645283379041643456730525940656661987304687499694
0.76967741935483859061495337527958326973021030426025390625043 0.0112097228379753541593940900045280599259139754196810638709618 0.0271603640701215262821735855923050602354031978485664272980906 0.0500423726442928068850719480250685212669525477977191339893195 0.0799994148150920235875642133426428352632105586033877611238605 0.118111567445099694586048188579704945014738089237401403288721 0.206168024466077116478815226271657701494956218692879715644815 0.337228754488867073978765413557011699567822304896085467085649 0.500678999877781813907191488835028793194427011760849448286493 0.667192909818726244907519734503501086027984952574214555317835 0.800076274786796959858856413359872614770131435149362315766184 0.888470927010992628671717293281239417195136988364805856881212 0.940543405002371697894873745609950524608177545338342123701066 0.968964348521619614380319593922988732432328741648848127694532 0.983901080943882819420562537713769157400938282444555648738373 0.991688647136985655300846909194359072282024295363397586164377 0.769677419354838590614953375279583269730210304260253906249726
0.798064516129032286428923725907225161790847778320312500000402 0.0114239939572420393153767592850248822520042379872408693930861 0.0285360337798618803326314057597619295540408934372148795958713 0.0535348068123291074595899498864710138547250288709306943785859 0.0857506324159868236360094623697790704089549295552199886688303 0.129210306713688167457296249612268178756376851509257518382965 0.20667022707487444143283090890350700989150015088483189994893 0.33754705145901748435073904221310691989016846582472676981363 0.500773916991514704907468660658528485563571934806586497591403 0.6675021074925353051134370457952687420477066656500658540607 0.80050343462426178699072796505048783749681580668021212874301 0.888881106560103711338038059035700054355768764945919281290237 0.940905574117379868533497840420712015206369062943409579081549 0.969247608159314209317681455414373470240512897369557538540237 0.984099010595934837032049025482098202270134829562683155161597 0.991797010030129774388864543341365606868141455905980814743087 0.798064516129032286428923725907225161790847778320312499999761
0.826451612903225774076076959318015724420547485351562500000368 0.011656566267295211182236261564298417337336961415956558438371 0.0301032193771435508857878607004054810361335131637946696044757 0.0577045298842772294944280989039983928825803733731524017347537 0.0927378949119634061487913644552245594617555156857965564723566 0.138651254018543934702934805300958395520120640181598934657863 0.207288190794803514015104049326987765931717021064965824904342 0.337907967123368809928289146392978053483529172762323610553319 0.500879811972587789644037376505649569198641395244748804936095 0.667848542726694850170209990454703524862577169216557331898008 0.800982189790035885125156270529327088773672640601776014179601 0.889339946785041720925713517646652052920468104594153382596531 0.941310174199321798649510221619021794887345119515744246563503 0.969561481757246641557821593766063916895243990354326889752672 0.98431632486535845503657720686777687242541148646910261677112 0.991913907472194253990177492364515080886806791003370426406193 0.826451612903225774076076959318015724420547485351562499999798
0.854838709677419372745532655244460329413414001464843750000329 0.0119152936600818969918477506939576862960760662909256422317712 0.0319280967901070750173762249729448135739089448270415002180498 0.0628377224108117338608062313673628765238623816601966506069537 0.101499598884307774657449506750525174345895687219386381439288 0.150666469543248499207143757883404134388450681982334376903944 0.215461829093451071678006025025377399880121426057857459964638 0.338333755957539898110591972670442982681328904633224015517491 0.501001231055625475564476823291472820061913040039071509272583 0.66824886849003220224412542898387031183007618554174968929157 0.801535663080571981512053398290341086895559741338480436041055 0.889868363240114794034488432470863103146711578818546723324967 0.941774273947188253395607011715249894804223135781226979348969 0.969920589154285026436412319859987403211209379281805753987442 0.984562451093704748962246670259825803427582948555367573022852 0.992044263945828822946156335142544611474914312180155627832873 0.854838709677419372745532655244460329413414001464843749999835
0.883225806451612867331579792562479269690811634063720703125283 0.0122133398170918680732011655466775275356082380806727892389468 0.0341162424185421105957427694334540811921228601003714830775994 0.0694315108523042384384636433762805536338374916629696996819929 0.112989344641078267126251996857130994653886262334343872030594 0.16657110786608956236639875099108415044352023733977585126461 0.234102550841029289001929767930297612839436874226444123435049 0.338874334683280024934059820955613431819083616708539549165706 0.501146189369960501553223802138803195556077803858291721689829 0.668733297402869281392299439309433051696338535995488970266146 0.802205329348720821292492648416884261140192857703033177684357 0.890504847302705901010045313279357783367114709721674097848847 0.942330697774715935729268878670046212160793605097294306702203 0.970348418032973776315210436950168799434317309859406949631058 0.984852902912836125100047198774352710481519537278385174459091 0.99219590639312239889327640918603374550591700036365235726549 0.883225806451612867331579792562479269690811634063720703124872
0.911612903225806466001035488488923874683678150177001953125231 0.01257491517164749146219046900574881726988686380227102556839 0.0368517775098866444903312602040743618430517391971807499804131 0.0784542711047675383762974741080100275746225021599215951349653 0.129113879800506298606735994986860007469564508193163930813237 0.188938372320792448877596135288621782306120238669966402925609 0.261005440174480093313589887323557400315957494665893262213789 0.348905358402274329498196226398254645951453864109223887674739 0.501331490195917073711274827234687853473341579794395707423985 0.669371340628610605793692294956383018674009230567699210787786 0.803085891506431973697654402365501262336133208282894234434254 0.891329457579394937090149144479481958488566737332515793042206 0.943046737909493641011789436047267875172519411885310129336052 0.970894163681888309255238071279874408417497536686563060642099 0.985219381109272491617521058126544655574892100321969085824975 0.992383381694842291648747065011707671198113419772427153761945 0.911612903225806466001035488488923874683678150177001953124909
0.939999999999999960587082625806942814961075782775878906250171 0.0130508132049016310101468608948232603126170950588530512866549 0.0405031968494919417416188503111282896364628567445967377075334 0.0921639668591642550560552684982582232691035913349630635464351 0.154484654001431617261413170478268604351790453294210050934308 0.223908372705634987782861017631820549763168624327991623440362 0.303176551520359330333171008988962440209041438955175383806285 0.39230776252630394838674010210020421158602154154032765530365 0.50161005582942815301594824042965934194905512347783951152008 0.670430685382089147271953751962953917184132831075133742254021 0.804515803876243455058630227675875519277758222008167213467427 0.892592789815562902495668886842086766153192074421308584669525 0.944116639067920618825914086784191418471871420272932902131962 0.971692585210506278960436590544422545204491477640428562148613 0.985742544581211696748945681766595102070521435275459823378715 0.992639638386944022810111815700031225906335620899892243480865 0.939999999999999960587082625806942814961075782775878906249945
