# mpmath dps=60 tau=1.2099 G=20 Gp=17 F=4.6425369e-41 iters=64
0.0600000000000000394129173741930571850389242172241210937500493 0.00730082647524705076477366404321966671161290020390905647453264 0.0139518029942405327340139352009849755732591409697650051806731 0.0275834843055829193082006385394358434500829280143755959561395 0.054476174948538047559523847345076544085368833056688429190891 0.104663394193942324105625893852129141231986218868060333106127 0.193454351810667613902634225218688501280964887855351259164547 0.327189218732385359130432793003709798595402518412942783460975 0.49650827629692715913489740604511761079981507009633446596792 0.606061874042664566857026085346945761682099065158362029294058 0.694493274192504878967553641634774668528082341120293453584297 0.77454330732581741184456070884567939600986679530288316252257 0.844467672575649004410805452219570452399902539803608085144509 0.908218531355978124305670544879447907463044146333797224217971 0.959953763946934144685837465603275147861875681299142748273299 0.986869664702302019206080976167873914948707350419498147410978 0.0600000000000000394129173741930571850389242172241210937498452
0.106315789473684155219679325909964973106980323791503906250103 0.00770989390868696109603124637796372625166332878402624915553785 0.0148497552015648824766350250475251041882139744166262597525544 0.0290286293430337011808336334729640109094460227882209676082185 0.0565240084475655052015084907910555189323845072583360733904236 0.107429148482613164127630757953977965359722232599103323181907 0.196022493455249130535169835249572980647631540980786245433494 0.329325484516042692496900722015164824103255479859154644908183 0.497412431363225584200963208631927485264112654195823713882194 0.658543241543570879955375636161962674136550956152637955807873 0.756057100769699962785490361568125261120764745618694092583937 0.825102570824485878908967852816504584575055025450189474537482 0.880757469518572171412340520661433591040184237770487364442187 0.927436966983632815723203518796697551126038305084307090311403 0.965157417245776092999573892274294672458363198399115116368594 0.987608127356704939459089402940530719955720318914448702858357 0.10631578947368415521967932590996497310698032379150390624976
0.152631578947368451437682779214810580015182495117187500000159 0.00798453953650258353117063728026809938076976801214406340631971 0.0154235758902973035329120735721615178406840099010746514295705 0.0299225677130383049187344050323267515225054886718948530010082 0.0577614639956313693453660246065371439911466532276099575172195 0.109023341330372895465898305294356977913383571199081886740958 0.197515690283858292608836680921514954025012549127378448585695 0.330529591532653361133829652891875223379581584248650538472592 0.497934946330927663179232425378055855450104156334369001415521 0.659975545626394598765171765521005446039656688517916925199362 0.789785364606528762085252651924957680806951647002906200691887 0.852210157815607020938415355219282323009596809771357282399649 0.900195061473156404547604280911361171228703620613346144107411 0.938317058758325864211914683661381536313079678086528369656948 0.968648151907152107758970713333875656182425029717980021816765 0.988114157122530799315168655177835253741308558019606882622127 0.152631578947368451437682779214810580015182495117187499999692
0.198947368421052650511171577818458899855613708496093750000213 0.00820396480885207868322950275714081562652227784548489856487377 0.0158704209173503237968659234903254083200092014060988609755363 0.0306044003862927263863932492740123277525790420384131551368131 0.0586976187842022189760431245544185446982850307815703465337588 0.110213978835264850805769007848572408561186263590818207128025 0.198631173825169930997813672457762560477674574104332308298664 0.33142499588593807715853063081873880409500541808923016201057 0.498327794075166419330127086713443376006202740727251266705326 0.660936950904197504191336921144382918189800709024025525549406 0.791483178172387459736739649592174038308684947482985464993484 0.870530523817162426580177182202505817505646711172779104615517 0.912942276063587118251574209488045049930117630376029342329209 0.945719563022087447407638059637492862692935804625773379168949 0.971292452784995162943139914639043409477227633040918819292235 0.988518313211381460850671191351164260268844355926289262179013 0.198947368421052650511171577818458899855613708496093749999639
0.245263157894736849584660376422107219696044921875000000000264 0.00839729924399916344633441244980405883954013744745544345131672 0.016254707855008101747392544058810250143948317589062710409605 0.0311796060847133321336636176991431845154049573044035052780454 0.0594757805649704982162233390188587417275180007621709346620878 0.111199801066970395319767292364160519796639820230962057174766 0.199551620998981821930509892291106592030976877999525002667573 0.332162574449424770928408766157502695287487534833832858960114 0.498652968461648757930022632713681100621341982519055597805693 0.661704507823622237334850395800506548914695561452909907887493 0.792597354098856459395877034592608380566636656025880720811687 0.879629301485105343375044855161643926662731340004222961471565 0.922217467432944771396565374830266520196261900024136395590036 0.951259881200285637279203086963762114267826536791057414867942 0.973434252800818848089244875057861313023247189203044956194676 0.988867448175610070884848581739412530808675815090016138687604 0.245263157894736849584660376422107219696044921874999999999597
0.291578947368420965391422328139015007764101028442382812500311 0.00858087385723266385897823044738296075256553706377443506087687 0.0166086603060501733089868767570869156055406348234200112126866 0.0316937538648979906810270313895074326529312700207700662616853 0.0601633174749872354532583315676825881363263161154621385795548 0.112059309416361382037843356047478901679937107208054596269306 0.200355295555724329448730541158999457049015775002298280326508 0.332806787760493544992466411137323262351858623003336804126168 0.498937249890905751089610265027613645329604454812999879733923 0.662364377626871653952973641202163220986434952821797028254059 0.793494845479826186730133023706417145435006015678346463421621 0.880947967224044824367675327738293319132876259012085477913725 0.932252826052031242624595702054670236907213574185392853375904 0.95566260301904517159833289151225318452202781469793396459178 0.975246569482187102916113799554194036749741466024458390346833 0.989183720677429696004325003075006673669662642704862942344462 0.291578947368420965391422328139015007764101028442382812499568
0.337894736842105247731637973629403859376907348632812500000352 0.00876379115763240327625102481845415481552954214507345961920651 0.0169535232234101401791039795084000254397101606368691416345322 0.032173978469852284146784806649822344113283518894888985213104 0.0607949728347223443981558164242694639555542134713778790631943 0.112845337742646938402430788455682264836792220706662653144848 0.20108431717995024755794263175694844109195473851462208766435 0.333389631728226162310155024137759604395769207361084110755152 0.49919524095640803606872412048405340581920255841518110932375 0.662957285099055035496735277695481803838019287063664001906809 0.794276924210866948197031274561751902395144486348357260520483 0.881945594205560151230547020517966460773802360749575728901762 0.934417924024856315999842034588402791076215439984446532753482 0.959335074885817078303926605197648205021701627831682683382414 0.976829628212846544288220149387069765811713336377731313306951 0.989479451517460951349522117997683749151456391994905144325406 0.337894736842105247731637973629403859376907348632812499999548
0.384210526315789363538399925346311647444963455200195312500388 0.00895833404545321442604800666447438787200214809807916637689086 0.0173111540299604751674069317566507801880370686129684545385131 0.0326418792787201698516292987906476942948016710406753637317919 0.0613940923156305826956096836973080492718879824207258799554103 0.11358472254325951321670232905303570389082407708362033421641 0.201766677451156624586688582081251680366267040230167572575976 0.333933547436758243015794474400023355623546599524711479007787 0.499435747146023763087390938157925912222583108111148687941606 0.663507668525851080809296034678517381589087736203394648021199 0.794989708117858161646911445443125763641974752027254330276904 0.882797574371675929224548515345598371653426324033971981637998 0.935406414230274659327266160503886803952616141087761614809103 0.963342231221735535533331685106856615646701796204806977168268 0.978249808690181809754222650753209682317101845165062037758458 0.989762456048484638718473023470679370115175029009070702651335 0.384210526315789363538399925346311647444963455200195312499538
0.430526315789473645878615570836700499057769775390625000000417 0.00917506513758065776704411576547141586506345025371039105590661 0.0177149353525231113181258942573726389540568579029970623971 0.0331168660543183080205185025416530518855387557875199305891802 0.0619787737983984374905687106483156328430272813174500704098306 0.114296515932279417400673287484985381596569236055626285966395 0.202420188725397118325627806641368926325805544926026893764905 0.334452632998206593959931716983200251969737574497267691059808 0.499665563689754444872652990072607352981219751800723419269788 0.664030644654840633030247500506962009424793010140275762759948 0.795659951121957315714953810401342078827413672145146449573957 0.883570230948757457606210042394442339791940998505805269112057 0.936165328745312712371715877525815980118369888047784439916753 0.965024361185008952666425001149315718000149849647580689943463 0.979597571444301747380502042549816201868323688234964051139111 0.990038648456263790935860156330836986147996017848585940839283 0.430526315789473645878615570836700499057769775390624999999538
0.476842105263157928218831216327089350670576095581054687500439 0.00941921408338241391786117281025317695344482364644874403231473 0.0182301956954885998147810400444218118298482931295965392668079 0.0336228172829319313062881015923948707259399851389469842957407 0.0625664452084689261323048736271622754015380383981459999048755 0.114995963840600466652993950814059698540518842582241181778034 0.203058516755560325572131681592003508940721535421758869722199 0.334958802194811940331406274367369608762831322534892806888055 0.499889105709625003722879341400763380838689806716082789859562 0.664538552387162171520160482634434252001348506136301448835963 0.796306385994909560328664112997930699737055272315128043545073 0.884298336665274468091384800835286680748474788699887196610294 0.936823816383874081655404952223604447584047344677886771948758 0.965795111326132584469210120298292727636206507401347355214675 0.980932743543878426162559395466495249896863406357377449788253 0.990314212251889497104477000809627952816185499548068790938172 0.476842105263157928218831216327089350670576095581054687499545
0.523157894736842071781168783672910649329423904418945312500455 0.00968578774811050289552299919037204718381450045193120906182845 0.0190672564561215738374406045335047501031365936426225502117466 0.0342048886738674155307898797017072723637934925986526447853254 0.0631761836161259183445950477763955524159526553221132280512418 0.115701663334725531908615199164713319251525211300112803389706 0.203693614005090439671335887002069300262944727684871956454927 0.335461447612837828479839517365565747998651493863698551164037 0.500110894290374996277120658599236619161310193283917210140438 0.665041197805188059668593725632630391237168677465107193111945 0.796941483244439674427868318407996491059278464578241130277801 0.885004036159399533347006049185940301459481157417758818221966 0.937433554791531073867695126372837724598461961601854000095124 0.966377182717068068693711898407605129274060014861053015704259 0.981769804304511400185218959955578188170151706870403460733192 0.990580785916617586082138827189746823046555176353551255967685 0.52315789473684207178116878367291064932942390441894531249956
0.569473684210526354121384429163299500942230224609375000000462 0.00996135154373620906413984366916301385200398215141405916071707 0.0204024285556982526194979574501837981316763117650359488608891 0.0349756388149910473335749988506842819998501503524193100565366 0.0638346712546872876282841224741840198816301119522155600832469 0.116429769051242542393789957605557660208059001494194730887943 0.204340048878042684285046189598657921172586327854853550426043 0.335969355345159366969752499493037990575206989859724237240052 0.500334436310245555127347009927392647018780248199276580730212 0.665547367001793406040068283016799748030262425502732308940192 0.797579811274602881674372193358631073674194455073973106235095 0.885703484067720582599326712515014618403430763944373714033605 0.938021226201601562509431289351684367156972718682549929590169 0.96688313394568169197948149745834694811446124421248006941082 0.9822850646474768886818741057426273610459431420970029376029 0.990824934862419342232955884234528584134936549746289608944093 0.569473684210526354121384429163299500942230224609374999999583
0.615789473684210636461600074653688352555036544799804687500462 0.0102375439515153612815269765293206298848249709909292973486646 0.0217501913098181902457773492467903176828981548349379622415425 0.0366577687782644644666683148931433843532982037951930228317318 0.064593585769725340672733839496113196047383858912238385190897 0.117202425628324070775451484654401628346573675966028018362002 0.205010291882141838353088554556874236358025247972745669723096 0.336492331474148919190703965321482618410912263796605351978801 0.500564252853976236912609061842074087777416891888851312058394 0.666066452563241756984205525599976644376453400475288520992213 0.798233322548843375413311417918748319633732959769832427424024 0.88641527745674048678329767094696429610917592291637966578359 0.93860590768436941730439031630269195072811201757927412004459 0.967358120721279830148370701209352305705198328959324636268208 0.982688845970039524832593068243349219811962931387031545461487 0.991041665954546785573951993335525612127997851901920833623109 0.615789473684210636461600074653688352555036544799804687499612
0.662105263157894752268362026370596140623092651367187500000452 0.0105205484825390486504778820023162508485436080050948556745942 0.0231703717871534557117798506129302341882866636222686866930486 0.0406649251141829216960733948023517949782983721683173166175861 0.0655820759751436840001579654115972089237845600155534672465182 0.118054405794439848769452979482033539226197639250424271098238 0.205723075789133051802968725438248097604855513651642739479517 0.337042714900944964503264722304518196161980712936335998093191 0.50080475904359196393127587951594659418079744158481889067625 0.666610368271773837689844975862240395604230792638915889244848 0.79891568282004975244205736824305155890804526148537791233565 0.887154662257353061597569211544317735163207779293337346855152 0.939205027165277655601844183575730536044445786528622120936806 0.967826021530147715853215193350177655886716481105111014786896 0.983046476776589859820896020491599974560289839363130858365468 0.991236208842367596723748975181545845184470457854926540380793 0.662105263157894752268362026370596140623092651367187499999648
0.708421052631579034608577671860984992235898971557617187500432 0.0108162793225703039956749969249933263303373572951370576555384 0.0247534305178128970838862004458059632502585339755416096531675 0.0443373969809548284016671084877468154779721853020660354082199 0.0677471739479687573754042979453297630927864258146071466240961 0.119052032775955175632324672261706680867123740987914522086275 0.20650515452017381326986697629358285456499398432165353657838 0.337635622373128346047026358797836779013565047178202971745941 0.501062750109094248910389734972386354670395545187000120266077 0.667193212239506455007533588862676737648141376996663195873832 0.799644704444275670551269458841000542950984224997701719673492 0.887940690583638617962156643952521098320062892791945403730694 0.939836682525012764546741668432317411863673683884537861420445 0.968306246135102009318972968610492567347068729979229933738315 0.983391339693949826691013123242913084394459365176579988787313 0.991419126142767336141021769552617039247434462936225564939123 0.708421052631579034608577671860984992235898971557617187499689
0.754736842105263150415339623577892780303955078125000000000403 0.0111325518243899291151514182605874691913241849099838613123957 0.026565747199181151910755124942138686976752810796955043805324 0.0487401187997143627207969130362378857321734632089425851320581 0.0777825325670552286034346251697334798037380999758636044099636 0.120370698514894656624955144838356073337268659995777038528435 0.207402645901143540604122965407391619433363343974119279188313 0.338295492176377762665149604199493451085304438547090092112507 0.501347031538351242069977367286318899378658017480944402194307 0.667837425550575229071591233842497304712512465166167141039886 0.800448379001018178069490107708893407969023122000474997332427 0.888800198933029604680232707635839480203360179769037942825234 0.940524219435029501783776660981141258272481999237829065337912 0.968820393915286667866336382300856815484595042695596494721955 0.983745292144991898252607455941189749856051682410937289590395 0.991602700756000836553665587550195941160459862552544556548683 0.754736842105263150415339623577892780303955078124999999999736
0.801052631578947349488828422181541100144386291503906250000361 0.0114816867886185391493288086488357397311556440737107378209873 0.0287075472150048370568600853609565905227723669590811807077654 0.0542804369779125525923619403625071373070641953742266208310511 0.0870577239364128817484257905119549500698823696239706576707908 0.129469476182837573419822817797494182494353288827220895384483 0.208516821827612540263260350407825961691315052517014535006516 0.339063049095802495808663078855617081810199290975974474450594 0.501672205924833580669872913286556623993797259272748733294674 0.66857500411406192284146936918126119590499458191076983798943 0.801368826174830069002186327542237439522325425895667691701336 0.889786021164735149194230992151427591438813736409181792871975 0.941302381215797781023956875445581455301714969218429653466241 0.969395599613707273613606750725987672247420957961586844863187 0.984129579082649676203134076509674591679990798593901139024464 0.991796035191147921316770497242859184373477722154515101435126 0.801052631578947349488828422181541100144386291503906249999787
0.847368421052631548562317220785189419984817504882812500000308 0.0118858428774692006848313448221647462586914419803931173778733 0.0313518480928478922410292866661243438175749702820199781832345 0.0616829412416741357880853163386184636869203219134716303430523 0.0998049385268435954523957190886388287712963793866538558925886 0.147789842184392979061584644780717676990403190228642717600351 0.210214635393471237914747348075042319193048352997093799308113 0.340024454373605401234828234478994553960343311482083074800638 0.502065053669072336820767574621944144549895843665630998584479 0.669470408467346638866170347108124776620418415751349461527408 0.802484309716141707391163319078485045974987450872621551414305 0.890976658669627104534101694705643022086616428800918113259042 0.942238536004368630654633975393462856008853346772390042482781 0.970077432286961695081265594967673248477494511328105146998992 0.98457642410970269646708792642783848215931599009892534857043 0.99201546046349741646882936271973190061923023198785593659368 0.847368421052631548562317220785189419984817504882812499999841
0.89368421052631584478032067409003502689301967620849609375024 0.0123918726432950605409105970594692800442796810855512971416433 0.0348425827542239070004261077257053275416368016008848836314063 0.0725630330163671842767964812033024488739616949156929096885966 0.119242530481427828587659479338566408959815762229512635557813 0.174897429175514121091032147183495415424944974549810525462518 0.243942899230300037214509638431874738879235254381305907416063 0.341456758456429120044624363838037325863449043847362044192127 0.502587568636774415799036791368072514735887345804176286117806 0.670674515483957307503099277984835175896744520140845355091817 0.803977506544750869464830164750427019352368459019213754566506 0.892570851517386835872369242046022034640277767400896676818093 0.943475991552434494798491509208944481067615492741663926609576 0.970971370656966298819166366527035989090553977211779032391782 0.985150244798435117523364974952474895811786025583373740247446 0.992290106091313038903968753622036273748336671215973750844462 0.893684210526315844780320674090035026893019676208496093749897
0.939999999999999960587082625806942814961075782775878906250155 0.0131303352976979807939190238321260850512926495805018525890219 0.0400462360530658553141625343967248521381243187008572517267006 0.091781468644021875694329455120552092536955853666202775782029 0.155532327424350995589194547780429547600097460196391914855491 0.22545669267418258815543929115432060399013320469711683747743 0.305506725807495121032446358365225331471917658879706546415703 0.393938125957335433142973914653054238317900934841637970705942 0.50349172370307284086510259395488238920018492990366553403208 0.672810781267614640869567206996290201404597481587057216539025 0.806545648189332386097365774781311498719035112144648740835453 0.895336605806057675894374106147870858768013781131939666893873 0.945523825051461952440476152654923455914631166943311570809109 0.97241651569441708069179936146056415654991707198562440404386 0.986048197005759467265986064799015024426740859030234994819327 0.992699173524752949235226335956780333288387099796090943525467 0.939999999999999960587082625806942814961075782775878906249951
