# mpmath dps=60 tau=1.805 G=10 Gp=17 F=3.3857714e-36 iters=91
0.0600000000000000498212582300538997515104711055755615234375515 0.00720341105629946042517232486780870338630885849907838849062542 0.0133275968690705947198236933731201532016403062524873546397549 0.0259264819389307928410532448244873842521708404490608781183833 0.0508917892636497574505476582849497881390487860477403469526476 0.0980508685734615266218703433559188399329504757230049884202801 0.183586113730875914652804175683780556650882049544293812851411 0.309069746321402050070325471467748806878646415808152037550759 0.484718142153199294800700289897737357694238888069620661954245 0.603876489330575230156308247752082659257942846892649834969576 0.692219303591868495884188023399744441874317117451861589854576 0.771615305925259090736572975287555321195301985255404027229992 0.843214301072603995027262936900394077930960044452393919196076 0.909169731486795167093622387150142360522636295701988964422166 0.960680535063977594853915519296958674594882762829081614405333 0.986685843712027169089752844466877797443807904234460805115978 0.0600000000000000498212582300538997515104711055755615234373386
0.157777777777777794554481261002365499734878540039062500000172 0.00800229405792431854451804662831934314719142592110314021913707 0.0153058643145368085863900424592093136689147948116064056235207 0.0293891720416072964901204095050003471742235695837289274484101 0.0563612058289636404405208839502173152416134261952002936720975 0.106065613849964127219311071305261446726150867113767368527367 0.192700981308726026705833474846865441291180623399565911323249 0.321435774475115869241058797185773866170406462732809910086916 0.491561626034539685556030837063273344524932046445504825355466 0.647316884949458163724434574839258589592423472654908954875617 0.779371678496736076632432833605117941504014573900223176097583 0.854971251434456842886079643336358903692472969698038340458218 0.900580658062422919949905909515520551653606006724735387438718 0.938736332845610848121532700327513390641545835270517393442684 0.969142682595605878015059754393002752118991672349653556398271 0.988129222877711671449815338563935458335222276362823855167944 0.157777777777777794554481261002365499734878540039062499999672
0.255555555555555535818257339997217059135437011718750000000286 0.00850289288959995235452387774031531437177913832321476243416866 0.0164980552632892354580984515724185516459712093571779038819805 0.0313593166639391485931118358643304160850089107328087129585136 0.0592873480349268796488764994854302442601156988466063763070361 0.110158029942358922728321825202873969032102625793090827664112 0.197243611373358331273283728433254716428302958126561834460246 0.327077041265911080298240157062809076128369717565626171274384 0.494686001552580735457097749422451011687509934401950589929292 0.65352442503435237033686202203027683088267032027604726888893 0.786070088015299718911591288439920653707766403047252769752277 0.873045577275858447624191472292257092674362522882146294502479 0.924444143045919569646636845183003262554566245134612355214831 0.951711569890870831311742281242370447827746941136037462376353 0.973778931779029203197791679152075664337859813842527395333007 0.988926236856521370244150036092846940602452628668567584185669 0.255555555555555535818257339997217059135437011718749999999572
0.35333333333333327708203341899206861853599548339843750000038 0.00894499737814696037474752097044144607300077889877733914962546 0.0175579199766895689060834650412798269529327472710358628090236 0.0329942761061495836675597065316466031523554311933725361484602 0.0616079987030864645290665220107195575550158744632672625871755 0.113323058755421708912131032908815630389490706385239944425516 0.200700807943197319629412056154739218213574253283599124205836 0.331261387751900481647785903369856450808507397111333287496348 0.497008229487647110056872381979800190701081388331466085356743 0.657902161039447379406024398242263488123964249900498196671707 0.790037377486534554540295838863933265914144407641849971029991 0.877652600652759421791323227822682808845291355229910292486372 0.930853979833934014840607111594125064949347615630186325302333 0.960074274170109950726715360032785933767266532324838577032631 0.977135060335029151070323237452323727945976470047712009676204 0.989559024911080162734596039650123379784299152131958153363678 0.353333333333333277082033418992068618535995483398437499999524
0.451111111111111018345809497986920177936553955078125000000447 0.00938848161391819874846881314827515301415837428752032948491884 0.0187004099896937695445209956387167889984815397178151554971012 0.0346046512109401945484600444544728602464088245683461197797577 0.0637809544704138121587332060914950701749317528327644208293028 0.116185528240316276334194244152586785143694143813830614159413 0.203756579496349477017107995637117432322319933641105211941944 0.334873924384043210601126858894488925871861769283994906723091 0.499029988585284528517588357437052649940857493839139327239476 0.661618551088982099949645042038488877023103679073600624889635 0.793251898238567155415836698849408966432292799101318285400259 0.880937291814563384256650572714496261504669621880807836780537 0.933880555207573805470136313215163349140418444792658953520628 0.963445491559668778223474606575047994124445403506668128265668 0.97973353245617578523894652735892009385728181031288030122134 0.990118102124565997990293029366986278562485088329908185669682 0.45111111111111101834580949798692017793655395507812499999952
0.54888888888888898165419050201307982206344604492187500000048 0.00988189787543400200970697063301372143751491167009181433031831 0.0202664675438242147610534726410799061427181896871196987786596 0.0365545084403312217765253934249520058755545964933318717343321 0.0661194447924261945298636867848366508595815552073410464793718 0.119062708185436615743349427285503738495330378119192163219463 0.206748101761432844584163301150591033567707200898681714599741 0.338381448911017900050354957961511122976896320926399375110365 0.500970011414715471482411642562947350059142506160860672760524 0.665126075615956789398873141105511074128138230716005093276909 0.796243420503650522982892004362882567677680066358894788058056 0.883814471759683723665805755847413214856305856186169385840587 0.936219045529586187841266793908504929825068247167235579170697 0.965395348789059805451539955545527139753591175431653880220242 0.981299590010306230455479004361283211001518460282184844502899 0.990611518386081801251531186851724846985841625712479670515081 0.548888888888888981654190502013079822063446044921874999999553
0.646666666666666722917966581007931381464004516601562500000476 0.010440975088919837265403960349876620215700847868041846636322 0.0228649396649708489296767625476762720540235299522879903237958 0.0399257258298900492732846399672140662327334676751614229673691 0.069146020166065985159392888405874935050652384369813674697667 0.122347399347240578208676772177317191154708644770089707513628 0.209962622513465445459704161136066734085855592358150028970009 0.342097838960552620593975601757736511876035750099501803328293 0.502991770512352889943127618020199809298918611668533914643257 0.668738612248099518352214096630143549191492602888666712503652 0.799299192056802680370587943845260781786425746716400875794164 0.886676941244578291087868967091184369610509293614760055574484 0.938392001296913535470933477989280442444984125536732737412825 0.96700572389385041633244029346835339684764456880662746385154 0.982442080023310431093916534958720173047067252728964137190976 0.991055002621853039625252479029558553926999221101222660850375 0.64666666666666672291796658100793138146400451660156249999962
0.744444444444444464181742660002782940864562988281250000000428 0.0110737631434786297558499639071530593975473713314324158143312 0.0262210682209707968022083208479243356621401861574726046669933 0.0482884301091291686882577187576295521722530588639625376236469 0.0755558569540804303533631548169967374454337548653876447851687 0.126954422724141552375808527707742907325637477117853705497521 0.213929911984700281088408711560079346292233596952747230247724 0.34647557496564762966313797796972316911732967972395273111107 0.505313998447419264542902250577548988312490065598049410070708 0.672922958734088919701759842937190923871630282434373828725616 0.802756388626641668726716271566745283571697041873438165539754 0.889841970057641077271678174797126030967897374206909172335888 0.940712651965073120351123500514569755739884301153393623692964 0.968640683336060851406888164135669583914991089267191287041486 0.983501944736710764541901548427581448354028790642822096118019 0.991497107110400047645476122259684685628220861676785237565831 0.744444444444444464181742660002782940864562988281249999999714
0.842222222222222205445518738997634500265121459960937500000328 0.0118707771222883285501846614360645416647777236371761448320563 0.0308573174043941219849402456069972478810083276503464436017292 0.0612636671543891518784672996724866093584541647294826065573157 0.0994193419375770800500940904844794483463939932752646125612815 0.145028748565543157113920356663641096307527030301961659541782 0.220628321503263923367567166394882058495985426099776823902417 0.352683115050541836275565425160741410407576527345091045124383 0.508438373965460314443969162936726655475067953554495174644534 0.678564225524884130758941202814226133829593537267190089913084 0.807299018691273973294166525153134558708819376600434088676751 0.893934386150035872780688928694738553273849132886232631472633 0.943638794171036359559479116049782684758386573804799706327903 0.97061082795839270350987959049499965282577643041627107255159 0.984694135685463191413609957540790686331085205188393594376479 0.991997705942075681455481953371680656852808574078896859780863 0.842222222222222205445518738997634500265121459960937499999828
0.939999999999999950178741769946100248489528894424438476562661 0.0133141562879728309102471555331222025561920957655391948840224 0.039319464936022405146084480703041325405117237170918385594667 0.0908302685132048329063776128498576394773637042980110355778339 0.156785698927396004972737063099605922069039955547606080803924 0.228384694074740909263427024712444678804698014744595972770008 0.307780696408131504115811976600255558125682882548138410145424 0.396123510669424769843691752247917340742057153107350165030424 0.515281857846800705199299710102262642305761111930379338045755 0.690930253678597949929674528532251193121353584191847962449241 0.816413886269124085347195824316219443349117950455706187148589 0.90194913142653847337812965664408116006704952427699501157972 0.949108210736350242549452341715050211860951213952259653047352 0.974073518061069207158946755175512615747829159550939121881617 0.986672403130929405280176306626879846798359693747512645360245 0.992796588943700539574827675132191296613691141500921611509375 0.939999999999999950178741769946100248489528894424438476562449
