# mpmath dps=60 tau=1.431 G=16 Gp=17 F=7.7230271e-41 iters=61
0.0600000000000000394129173741930571850389242172241210937500507 0.00725515868233017168365411683168844370094496543357173640263343 0.0136769162562136202795486120813615757402919599984322196577275 0.026876314383141045889753060965604504956363104952357985624445 0.0530726619379934357548269685888702132420512889563138592744051 0.102291298678618236270484576428836447632943557951264753436505 0.188081922746107793832958946342134576381877000081695893275028 0.321078358694546121761623895759860109940037648420502111205127 0.493131441432548601645748530156683643801612829759982290836227 0.605375579335620316031857760718240731492965152764628461965074 0.693885719494685336167404591101828534613342796662668708565957 0.773926465170483898132133268151388870517241000306925573443745 0.844506820203151373460443917807175330921415103226045026678539 0.908804935794498702099442110323426326741834368122656175550265 0.960295320429201233262421659668401313058363226698557491632122 0.986800846998684718010735248459125856263329481513549421526806 0.060000000000000039412917374193057185038924217224121093749844
0.118666666666666691110076925497196498326957225799560546875119 0.00777248720445497588427606766937277452855745015732066650879773 0.0148822037001529758813626561304976311214412843926570568848008 0.0289094771716854844198862914546339673312520289351132710466199 0.0560674502306146845686415636258449149905018136038989863085091 0.106432585730819734220592263478887351287002745166314299984482 0.193164497301580463200099702500133457456795439813846746488638 0.325816998754822979494327679817709433479392862317114605921672 0.495292771091572500122331129621142247503974696178648737170404 0.653814123759885423387801726272668248087734129507694644968042 0.766593189802850983250993305720156265678624806480029347011005 0.833312830082748136437829489994870146316957858811841261016977 0.886732473716015925840654279424686098436704850690359276496136 0.930872164895816165355734830926861334629417837207327602073657 0.966377502167880486345333991878352110749426879013113412708503 0.987721361766514337927775513791416952806602999368921775433054 0.118666666666666691110076925497196498326957225799560546874738
0.177333333333333342807236476801335811614990234375000000000189 0.00811011777696380318915674907135915301510427998839569260446812 0.0156316297374879643936385000650572870073536449300655063349643 0.0301183459290873593882520699241917108664895253410363496825299 0.0578069624527777531007724128016281878463394435920839151446234 0.108740706957713921516173306716904338991040315749725593363401 0.19588298930253640960378469429221052210558701858430273322494 0.328248066240878693726333147409553438973768496082483172837988 0.496437760492287298280268944291801147527943163563440498086654 0.656623788947367195272660362903721371905323744280178009982945 0.786030446297175107927765078294080870788722491151129394602722 0.862445776494536295125968090711636889507645821861627218931275 0.90737150433786645094997142147058586604211031154351851318342 0.942437327986276051178643073284528249892495434449817636328318 0.970207208803968159595378373251535206050110449749764366364533 0.988315333621553732778642811667851661108415880388966634956493 0.177333333333333342807236476801335811614990234374999999999659
0.236000000000000001443289932012703502550721168518066406250257 0.00838420314788200622433654541715517920471053423100687582000707 0.0162253583986909276658754656495170024497205261438770274823164 0.0310488602654636805313869697902130072728769481626148876169281 0.0591224587382334105469924004309598350784545832400700954550079 0.110463070880369765631232057690273824700697510766386849939984 0.197882209922052159649748213335309057123976890652151776434712 0.330024909070764144375621930695997103377950912713047297119204 0.49728496699990334637060953381860700781938972450428862214534 0.658523268183083048362816488103241003257815745802662183861028 0.78869601193039498639980780863216334105337803144639511103966 0.876650902004580239231180878440677884079967600106046896657892 0.920492226628275534893531953308094905751461149486976812923966 0.950087419505898701260213083103769597963963613185419377132474 0.973041510946016597108762822798719061911799724202983642877604 0.988784285504884197749485055517843822163665596102114789807232 0.2360000000000000014432899320127035025507211685180664062496
0.294666666666666632323767771595157682895660400390625000000317 0.00863255377631077751920159797971616376817708106489976878796022 0.016755471540223532187547587877154490458002848173595815539349 0.0318500539323416754096109824637804966028266562448459661131037 0.0602334268866194317362713337398661872323765746313709875089606 0.111898274169695540457329548693031055607231109166103186485022 0.199543196141236143389746034353991377565527876769435323179824 0.331493980732896266595612981140451410891563507713153622744186 0.497987434808488684874668181352759210317489628497611662957172 0.660046573462464396310498519702876176279105563142290206331394 0.790620012224776727054895928658679913655663870546986189773097 0.878991867580875734121786187322660685868523928678368123601671 0.930936584904934718386422288087333483821370093552015772371354 0.955764555548806066859142886794247229336685845820480332323702 0.975319824763727122493937063782184963382369109934643883889082 0.989190357125422833536574938072123132375444743499724844106061 0.294666666666666632323767771595157682895660400390624999999561
0.353333333333333304837609034620982129126787185668945312500369 0.00887841854142506557614650970042689085675522456197960448287773 0.0172719101602912170462419396181630679783683418617363118093729 0.0325948243633419725747176730969536521303741517315980970511865 0.0612367594453566327451836170165288891664592444152327117266863 0.113184695912689421976285406382559657309334840215841953159004 0.201007646452657844865185616849435885576669780393040024390302 0.332787423415969280230806977408324480549370299683447737687389 0.498607393296691365511773657205494862271360624681029572102745 0.661371056539569834648175660392793596767544215995447663342729 0.792223686329048493057030542714265979876223048994105036458554 0.880640855573069990096859243067352049345721887040348997408264 0.933327158783612007772367565817905860376917902717481881066163 0.960817281197876025365499621313280544778710030895133655422204 0.977253551642151519385365783749118352037570189918702782746054 0.989561436959557729205423586920089088132315793023685215079648 0.35333333333333330483760903462098212912678718566894531249954
0.41199999999999994959587468201789306476712226867675781250041 0.00914023384832694320651538527957424098496742451046991356321912 0.017822555913744455547810039815866974048965621993857624528593 0.0333315554290660579593524281285004648686568718751216426519754 0.0621928192224319767110467378057117496018347850182721101703331 0.114388594920420444065622731157602675444880329673403992273999 0.202372596234429248939850923336000958905715721793592688613231 0.333981792451361892093916196381973790318391664078682683218099 0.49918124049085819481530429629303791843652707688334278156825 0.66258591297854964914876644620486201088949652515054238754463 0.793658314617702086046159870404331661717418133139372955560703 0.882017046647267087085267742180977993343702580602006886885935 0.934731448180414252963585680406744741573224098119369504082724 0.963697516652825648398259606690393946714858555043475051310662 0.979024130207409197024256136706316518885891799825651077916739 0.989913168768600687250303521200615561272605194395759080085608 0.411999999999999949595874682017893064767122268676757812499532
0.470666666666666677620867176301544532179832458496093750000443 0.00942816410489611799574299256408131377629585800038402180493925 0.0184921152596362366833315339258001056015891156309399619111732 0.0341128185613028537719772788030987425669645298550010896710023 0.0631456334135038255175020666006557811700073270099179855409206 0.115556911977739529520570101294220030767233883708837241038912 0.203689153570520592477534043655904451144929779973750770839123 0.33512667157492460272023883825662390736063045381377092950663 0.499729381786572891536984375082092835444854599308903493105324 0.66374084838018850564941249984070254167648795387024757493399 0.795001317088092959424028281491316835968135548734289989889516 0.883260376070394898732021238479093870953190470800602046649173 0.935853731658987809322825633451370071625711793162528766485384 0.964971973738131601595108254646560561773995999416094677196398 0.980543738320215944014041599399789301554490398399513847296244 0.990254166337557067694675120658559624494505307819733097972009 0.470666666666666677620867176301544532179832458496093749999539
0.529333333333333322379132823698455467820167541503906250000461 0.00974583366244293230532487934144037550549469218026690202799095 0.0194562616797840559859584006002106984455096016004861527037563 0.0350280262618683984048917453534394382260040005839053228036019 0.0641462683410121906771743665486299283742882068374712335146157 0.116739623929605101267978761520906129046809529199397953350827 0.204998682911907040575971718508683164031864451265710010110484 0.33625915161981149435058750015929745832351204612975242506601 0.500270618213427108463015624917907164555145400691096506894676 0.66487332842507539727976116174337609263936954618622907049337 0.796310846429479407522465956344095548855070220026249229160877 0.884443088022260470479429898705779969232766116291162758961088 0.936854366586496174482497933399344218829992672990082014459079 0.965887181438697146228022721196901257433035470144998910328998 0.981507884740363763316668466074199894398410884369060038088827 0.990571835895103882004257007435918686223704141999615978195061 0.529333333333333322379132823698455467820167541503906249999557
0.588000000000000050404125317982106935232877731323242187500468 0.010086831231399312749696478799384438727394805604240919914392 0.0209758697925908029757438632936834811141082001743489220832609 0.036302483347174351601740393309606053285141444956524948689338 0.0652685518195857470364143195932552584267759018806304959172758 0.117982953352732912914732257819022006656297419397993113114065 0.206341685382297913953840129595668338282581866860627044439297 0.33741408702145035085123355379513798911050347484945761245537 0.50081875950914180518469570370696208156347292311665721843175 0.666018207548638107906083803618026209681608335921317316781901 0.797627403765570751060149076663999041094284278206407311386769 0.885611405079579555934377268842397324555119670326596007726001 0.937807180777568023288953262194288250398165214981727889829667 0.966668444570933942040647571871499535131343128124878357348025 0.982177444086255544452189960184133025951034378006142375471407 0.990859766151673056793484614720425759015032575489530086436781 0.58800000000000005040412531798210693523287773132324218749959
0.646666666666666695162390965379017870873212814331054687500461 0.0104385630404422707945764130799109118676842069763147849203516 0.0227464483578484806146342162508816479624298100812972172539461 0.0391827188021239746345003786867194552212899691048663445777964 0.0666728412163879922276324341820941396230820972825181189338369 0.119359144426930009903140756932647950654278112959651002591736 0.207776313670951506942969457285734020123776951005894963541446 0.338628943460430165351824339607206403232455784004552336657271 0.501392606703308634488226342794505137728639375318970427897255 0.667212576584030719769193022591675519450629700316552262312611 0.798992353547342155134814383150564114423330219606959975609698 0.886815304087310578023714593617440342690665159784158046840996 0.938763240554643367254816382983471110833540755584767288273314 0.967405175636658027425282326903046347869625848268401902948814 0.982728089839708782953758060381836932021631658138263688190627 0.991121581458574934423853490299573109143244775438020395517122 0.646666666666666695162390965379017870873212814331054687499631
0.705333333333333367676232228404842317104339599609375000000439 0.0108096428745771664634250619278768676245552565002751558939391 0.0246801752362728775060629362178150366176308900653561161109185 0.044235444451193933140857113205752770663314154179519667676298 0.0690634150950652816135777119126665161786299064479842276286459 0.121008132419124265878213812677339314131476071321631876398329 0.209379987775223272945104071341320086344336129453013810226903 0.339953426537535603689501480297123823720894436857709793668606 0.502012565191511315125331818647240789682510371502388337042828 0.668506019267103733404387018859548589108436492286846377255814 0.800456803858763856610253965646008622434472123230564676820176 0.888101725830304459542670451306968944392768890833896813514978 0.939766573113380568263728666260133812767623425368629012491039 0.968149946067658324590389017536219503397173343755154033886896 0.983244528459776467812452412122845509541997151826404184460651 0.99136744622368922248079840202028383623182291893510023121204 0.705333333333333367676232228404842317104339599609374999999683
0.7639999999999999985567100679872964974492788314819335937504 0.0112157144951158022505149444821561778363344038978852101927679 0.0269584890539834028912371772012809380882002757970163571223964 0.0499125804941012987397869168962304020360363868145806228675263 0.0795077733717244651064680466919050942485388505130231870760336 0.123349097995419760768819121559322115920032399893953103342108 0.21130398806960501360019219136783665894662196855360488896034 0.341476731816916951637183511896758996742184254197337816138972 0.50271503300009665362939046618139299218061027549571137785466 0.669975090929235855624378069304002896622049087286952702880796 0.802117790077947840350251786664690942876023109347848223565288 0.889536929119630234368767942309726175299302489233613150060016 0.940877541261766589453007599569040164921545416759929904544992 0.968951139734536319468613030209786992727123051837385112383072 0.983774641601309072334124534350482997550279473856122972517684 0.991615796852117993775663454582844820795289465768993124179993 0.763999999999999998556710067987296497449278831481933593749743
0.822666666666666657192763523198664188385009765625000000000341 0.0116846663784462672213571883321483388915841196110333650435069 0.0297927911960318404046216267484647939498895502502356336354673 0.0575626720137239488213569267154717501075045655501823636716816 0.0926284956621335490500285785294141339578896884564814868165801 0.137554223505463704874031909288363110492354178138372781068725 0.213969553702824892072234921705919129211277508848870605397278 0.343376211052632804727339637096278628094676255719821990017055 0.503562239507712701719731055708198852472056836436559501913346 0.671751933759121306273666852590446561026231503917516827162012 0.80411701069746359039621530570778947789441298141569726677506 0.891259293042286078483826693283095661008959684250274406636599 0.942193037547222246899227587198371812153660556407916084855377 0.96988165407091264061174793007580828913351047465896365031747 0.984368370262512035606361499934942712992646355069934493665036 0.991889882223036196810843250928640846984895720011604307395532 0.822666666666666657192763523198664188385009765624999999999811
0.881333333333333308889923074502803501673042774200439453125262 0.0122786382334856620722244862085830471933970006310782245669459 0.0336224978321195136546660081216478892505731209868865872914974 0.0691278351041838346442651690731386653705821627926723979263425 0.113267526283984074159345720575313901563295149309640723503864 0.166687169917251863562170510005129853683042141188158738983023 0.233406810197149016749006694279843734321375193519970652988995 0.346185876240114576612198273727331751912265870492305355031958 0.504707228908427499877668870378857752496025303821351262829596 0.674183001245177020505672320182290566520607137682885394078328 0.806835502698419536799900297499866542543204560186153253511362 0.893567414269180265779407736521112648712997254833685700015518 0.943932549769385315431358436374155085009498186396101013691491 0.97109052282831451558011370854536603266874797106488672895338 0.985117796299847024118637343869502368878558715607342943115199 0.992227512795545024115723932330627225471442549842679333491202 0.881333333333333308889923074502803501673042774200439453124881
0.939999999999999960587082625806942814961075782775878906250156 0.0131991530013152819892647515408741437366705184864505784731942 0.0397046795707987667375783403315986869416367733014425083678784 0.0911950642055012979005578896765736732581656318773438244497346 0.155493179796848626539556082192824669078584896773954973321461 0.226073534829516101867866731848611129482758999693074426556255 0.306114280505314663832595408898171465386657203337331291434043 0.394624420664379683968142239281759268507034847235371538034926 0.506868558567451398354251469843316356198387170240017709163773 0.678921641305453878238376104240139890059962351579497888794873 0.811918077253892206167041053657865423618122999918304106724972 0.897708701321381763729515423571163552367056442048735246563495 0.946927338062006564245173031411129786757948711043686140725595 0.973123685616858954110246939034395495043636895047642014375555 0.986323083743786379720451387918638424259708040001567780342272 0.992744841317669828316345883168311556299055034566428263597367 0.939999999999999960587082625806942814961075782775878906249949
