# mpmath dps=60 tau=1.3803 G=16 Gp=17 F=7.2722491e-41 iters=69
0.0600000000000000463518112781002855626866221427917480468750501 0.00726342993174278867805172236868375529251761444978634149882121 0.0137324195084644205496330769275924319033563710460240582093683 0.0270223629852392690564536065784039053807573862476819570200305 0.0533794892567882629264485906921428220962865348531218081824041 0.102885711643378958417788800837448855687563507607002681276658 0.188942784473837952200456813931772741692151757760045315072035 0.322180016706837567540279063330777902890108105235860415584902 0.494060199619115852840052590263699477824919126766240344128985 0.605394833792920406239286840470725142973694121921871504544875 0.693825660485864611485774336723027162703066091487393938747803 0.773781199659543307523320608874875384993072341702458159967662 0.844289694495936192272301611792528346750757587245074146143667 0.908614638701427139274415663655745004815557886731926822820819 0.960225000997278332867175976194420977342203307102310331389742 0.986813598526711398114604420576545737849102823970249765772543 0.0600000000000000463518112781002855626866221427917480468748449
0.118666666666666691110076925497196498326957225799560546875119 0.00777578284438876826269714434047629229473830813342863874610189 0.0149106262802648040688838436277605673364114256154024379232447 0.0289920034583734387824560820934175787513312842221800985051667 0.0562502067132405991383802100608296865498979475214811095255176 0.106801481595032980112620337486884660808352120697840691412994 0.19372360152780779664968536464798421894579894675226817960548 0.326540233895830417372168463916837175109135211177724524961757 0.495917818191894595653187532979679147997634224735765716201106 0.654796755076030362505909081100868254765755215543569714147227 0.766473408204654421064659731499469267625467368324347828536385 0.833261350062290218299200020929769485937793953503175429403746 0.886635279575401428799463522807575399520574216614340783075119 0.930796530769392829711003466941335696041115002227543715551299 0.966325683170487222935633472991783243362891266766964665101073 0.987728569244652790800506564425610711181231154584989511136218 0.11866666666666669111007692549719649832695722579956054687474
0.177333333333333356685024284615792566910386085510253906250188 0.00810915902288055372473047018117597037189322086753585091550218 0.0156395199961779186433440090647806123731839698406154823528678 0.0301575403994734424551231502084888746769531820807503168181945 0.0579129550098070609279197035287664441324980961147971082525238 0.108977304515956301113501318682718949080083660498840527458351 0.196267535392516345566687195173870835354423462473914947115661 0.328769197207999334669574987328986892166309084878628546691785 0.496908212364595173567976327025233056895142428565262418524986 0.657357993268926198597725240467546346788126794987165488042731 0.786857833025220363959794144567408281955980339048534615613465 0.86231260426710260611946189182107668178776554094061531878566 0.90731934480797221899570346560183321867701451755483717096911 0.94240694219809797148980118812609378307923846555405564663812 0.970173386555852902133047911096342627732862897167196173724057 0.988319108159868115750642871614739688749975351766550458116092 0.177333333333333356685024284615792566910386085510253906249661
0.236000000000000001443289932012703502550721168518066406250254 0.00837967098888996649893731042636500709279099986561814247920805 0.0162157871214967794066421935188767992352571815420249856759506 0.0310531703973366297643763502963850766578308621115295395256937 0.0591681669805872956875791834877779867817282548386013868436019 0.110600276981212617340466730058171485534264745566887044111507 0.198137419044518291377451479976435088286661704690572008038407 0.330399270728146015401241969546172129172107617155064049644626 0.497642662911367669996571859579391616934597135677101817674761 0.659094448444351317566101155019540922634007811273220752887395 0.789333829150572126249396167487455333315262124753465927144575 0.877300233559565296246551631984308284551258503040570109437112 0.920442081500729691291945965616060038022248746231936438599484 0.950080173782193306675431417107244481940875693442339099488091 0.973021927892651250314920655172959522992182360712171077771017 0.988786140175571556482334046151207826367167442224738119147734 0.236000000000000001443289932012703502550721168518066406249603
0.294666666666666632323767771595157682895660400390625000000314 0.00862505754104926960384838467141406722832310131606955790081298 0.0167296261659541402502275841098547557647436839958406259571697 0.0318230082394598671971163238999335422729696426841729355010529 0.0602273471836955755755384754599984666592700672849263780479703 0.111951759170264117979474423017374854613327427198732649671647 0.199690880651392240916454934868028906081422586676151995482637 0.331747499805945437160219813583139236831719406031251010223133 0.498252224653263331998380694128630389137025578394579978698292 0.660489398339907625736652992754113981018981165013133023563998 0.791123487336599268172701739071553672432456909637962394481984 0.879498514548175139206098956035804399574265880651854089726815 0.931303092900402253662995952634712958378338882780712049844815 0.955766635990806478482300183392662937783268085243530451779083 0.975311425400783779674630870953642983277883373529972273215225 0.989191314990807573675989156787864370242816095476219331074862 0.294666666666666632323767771595157682895660400390624999999565
0.353333333333333277082033418992068618535995483398437500000367 0.00886895408036338503928083728178330838810687372747475119565641 0.017230196667042852280864411221992879602496353115124947105169 0.0325376977241973424896469145342638816355801039562047168586449 0.0611832204442008774308059933303261120390486241746854260116362 0.113162512228888617331822773316697883098287829587122066659715 0.201060529018506980657273557108278737906859775711308586373996 0.332934932926339591169496724998221924858593484181177678128622 0.49879052862824586449931351592601234421610093204341878093755 0.661703629159526872112654924962744222743932702399682875846623 0.792617514815209330440124482032636119162745552206268328988303 0.881041655771639689398849471447952206932001279796377762750922 0.933649836643048743663271596248054393754209938326020804675567 0.960793259855530198089282444311579822891523563496862922962121 0.977253486966897559640660784569672692289922788885867889928049 0.989562281583736153602695682850340273552013445286212769326004 0.353333333333333277082033418992068618535995483398437499999541
0.412000000000000032862601528904633596539497375488281250000408 0.00913050009809779704162361938689912715132320663634938282672773 0.0177654231262757516588856284574626774578764630219611070438102 0.0332439616273347997945064367263275402430106906915297076932685 0.0620929222434942389319595165530809157419505284382753897871282 0.114294882747409385782602479665405125617480465896335245296721 0.202336611310963027188602134281608468970688791115145589580438 0.334031664652608136202392147486375145520137568136868491062719 0.499288829825601808563942752454276967676968027197783893021357 0.662817964913609756604387309214050507548610041750381627148239 0.793955626740379965728735868186628767037630717618658449649751 0.88233055215008882559020256009660321817764581186209044117679 0.934986439810335972840429250525124130929829339809945441043795 0.9638816425534394778254412751270642718321474133793231768756 0.979023356856693113435860911738148377645743712500781384185865 0.989914651697069148385730885701496632642520858257516663219226 0.412000000000000032862601528904633596539497375488281249999534
0.470666666666666677620867176301544532179832458496093750000439 0.00942022550731916960727000475513172524229208888677268768345543 0.0184230455701440381159236757078089790615909622071587262556825 0.0339928768187932512913517663830802404023935852082662329810164 0.0629983988141351256774325981670053442192681737085662960422047 0.115393027820756933993620416506217448540535340820700708450537 0.203567057157537950435196731247421725345741474062077470909343 0.335082701423711535504760372458245372216850972016142405858263 0.499764960197896620923164501094319103723716656519134203626643 0.66387772628560463143132941615092965996211162577070120887767 0.795209631015406843401982989726256442768829936858552282648776 0.883496550735114324232534159058725140493308653801412936271032 0.936051584776003693737754684178644081910004313650405680575427 0.96512711425948593693175543887055567497200073164597538330037 0.980598880557410015321916459694232312974912997365675621604491 0.990258238087526931915118528350476123568022303029727183744475 0.470666666666666677620867176301544532179832458496093749999542
0.529333333333333322379132823698455467820167541503906250000458 0.00974176191247306808488147164952387643197769697027281625552473 0.0194011194425899846780835403057676870250870026343243783955093 0.0348728857405140630682445611294443250279992683540246166996298 0.0639484152239963062622453158213559180899956863495943194245729 0.116503449264885675767465840941274859506691346198587063728968 0.204790368984593156598017010273743557231170063141447717351224 0.33612227371439536856867058384907034003788837422929879112233 0.500235039802103379076835498905680896276283343480865796373357 0.664917298576288464495239627541754627783149027983857594141737 0.796432942842462049564803268752578274654258525937922529090657 0.884606972179243066006379583493782551459464659179299291549463 0.937001601185864874322567401832994655780731826291433703957795 0.966007123181206748708648233616919759597606414791733767018984 0.981576954429855961884076324292191020938409037792841273744317 0.990579774492680830392729995244868274757707911113227312316545 0.52933333333333332237913282369845546782016754150390624999956
0.587999999999999967137398471095366403460502624511718750000466 0.0100853483029308516142691142985033673574791417424833367807743 0.0209766431433068865641390882618516223542562874992186158141354 0.0361183574465605221745587248729357281678525866206768231243999 0.0650135601896640271595707494748758690701706601900545589562048 0.11766944784991117440979743990339678182235418813790955882321 0.206044373259620034271264131813371232962369282381341550350249 0.337182035086390243395612690785949492451389958249618372851761 0.500711170174398191436057247545723032323031972802216106978643 0.665968335347391863797607852513624854479862431863131508937281 0.797663388689036972811397865718391531029311208884854410419562 0.885705117252590614217397520334594874382519534103664754703279 0.937907077756505761068040483446919084258049471561724610212872 0.966756038372665200205493563273672459756989309308470292306731 0.98223457687372424834111437154253732254212353697803889295619 0.990869499901902202958376380613100872848676793363650617173272 0.587999999999999967137398471095366403460502624511718749999592
0.646666666666666722917966581007931381464004516601562500000459 0.0104377184162638463973043171496597264479865547137872306739957 0.0227465130331024403593392154303273077100772111141321100719511 0.0392067401444698019107175556884201771084764365031370770378787 0.0663501633569512563367284037519456062457900616739791953244332 0.118958344228360310601150528552047793067998720203622237249078 0.207382485184790669559875517967363880837254447793731671011697 0.338296370840473127887345075037255777256067297600317124153377 0.50120947137175413550068648407398765578389906795658121906245 0.667065067073660408830503275001778075141406515818822321871378 0.798939470981493019342726442891721262093140224288691413626004 0.886837487771111382668177226683302116901712170412877933340285 0.938816779555799122569194006669673887960951375825314573988364 0.967462302275802657510353085465736118364419896043795283141355 0.982769803332957147719135588778007120397503646884875052894831 0.991131045919636614960719162718216691611893126272525248804344 0.646666666666666722917966581007931381464004516601562499999633
0.705333333333333367676232228404842317104339599609375000000435 0.0108086850091924263240108432121356297571839045237806689251383 0.0246885745992162203253691290463570167221166264700277267847753 0.0442333640091935215176998166073370622167319147564695482209168 0.0686969070995977463370040473652870416216611172192879501551854 0.120501485451824860793901043964195600425734119348145910273185 0.208876512663400731827298260928446327567543090362037605518016 0.339510601660092374263347007245886018981018834986866976436002 0.501747775346736668001619305871369610862974421605420021301708 0.668252500194054562839780186416860763168280593968748989776867 0.800309119348607759083545065131971093918577413323848004517363 0.888048240829735882020525576982625145386672572801267350328353 0.93977265281630442442446152454000153334072993271507362195203 0.968176991760540132802883676100066457727030357315827064498947 0.98327037383404585974977241589014524423525631600415937404283 0.991374942458950730396151615328585932771676898683930442099187 0.705333333333333367676232228404842317104339599609374999999686
0.763999999999999998556710067987296497449278831481933593750397 0.0112138598244284435176659538487921736328325577752618808522661 0.0269780721073487496850793448270404770078176392878289222289826 0.0499198262178066933245685828927555180591243065576609005119086 0.0795579184992703087080540343839399619777512537680635614005159 0.122699766440434703753448368015691715448741496959429890562888 0.210666170849427873750603832512544666684737875246534072855425 0.340905551555648682433898844980459077365992188726779247112605 0.502357337088632330003428140420608383065402864322898182325239 0.669600729271853984598758030453827870827892382844935950355374 0.801862580955481708622548520023564911713338295309427991961593 0.889399723018787382659533269941828514465735254433112955888493 0.940831833019412704312420816512222013218271745161398613156398 0.968946829602663370235623649703614923342169137888470460474306 0.983784212878503220593357806481123200764742818457975014324049 0.991620329011110033501062689573634992907209000134381857520792 0.763999999999999998556710067987296497449278831481933593749746
0.822666666666666643314975715384207433089613914489746093750339 0.0116808918401318842493571283852603112500246482334495418839076 0.0298266134441470978669520889036573722671371028328038262759425 0.0575930578019020285101988118739062169207615344459443533618795 0.0926806551920277810042965343981667813229854824451628290308898 0.13768739573289739388053810817892331821223445905938468121434 0.213142166974779636040205855432591718044019660951465384386535 0.342642006731073801402274759532453653211873205012834511957269 0.503091787635404826432023672974766943104857571434737581475014 0.671230802792000665330425012671013107833690915121371453308215 0.803732464607483654433312804826129164645576537526085052884339 0.891022695484043698886498681317281050919916339501159472541649 0.942087044990192939072080296471233555867501903885202891747476 0.969842459600526557544876849791511125323046817919249683181805 0.984360480003822081356655990935219387626816030159384517647132 0.991890840977119446275269529818824029628106779132464149084498 0.822666666666666643314975715384207433089613914489746093749812
0.88133333333333330888992307450280350167304277420043945312526 0.0122714307553472091994934355743892888187688454150104888637824 0.033674316829512777064366527008216756637108733233035334898927 0.0692034692306071702889965330586643039588849977724562844487009 0.113364720424598571200536477192424600479425783385659216924881 0.166738649937709781700799979070230514062206046496824570596254 0.233526591795345578935340268500530732374532631675652171463615 0.345203244923969637494090918899131745234244784456430285852773 0.504082181808105404346812467020320852002365775264234283798894 0.673459766104169582627831536083162824890864788822275475038243 0.80627639847219220335031463535201578105420105324773182039452 0.893198518404967019887379662513115339191647879302159308587006 0.943749793286759400861619789939170313450102052478518890474482 0.971007996541626561217543917906582421248668715777819901494833 0.985089373719735195931116156372239432663588574384597562076755 0.992224217155611231737302855659523707705261691866571361253898 0.881333333333333308889923074502803501673042774200439453124881
0.939999999999999953648188721899714437313377857208251953125155 0.0131864014732886018853955794234542621508971760297502342274566 0.0397749990027216671328240238055790226577966928976896686102581 0.0913853612985728607255843363442549951844421132680731771791814 0.155710305504063807727698388207471653249242412754925853856333 0.226218800340456692476679391125124615006927658297541840032338 0.306174339514135388514225663276972837296933908512606061252197 0.394605166207079593760713159529274857026305878078128495455125 0.505939800380884147159947409736300522175080873233759655871015 0.677819983293162432459720936669222097109891894764139584415098 0.811057215526162047799543186068227258307848242239954684927965 0.897114288356621041582211199162551144312436492392997318723342 0.946620510743211737073551409307857177903713465146878191817596 0.972977637014760730943546393421596094619242613752318042979969 0.986267580491535579450366923072407568096643628953975941790632 0.992736570068257211321948277631316244707482385550213658501179 0.93999999999999995364818872189971443731337785720825195312495
