# mpmath dps=60 tau=1.74 G=10 Gp=17 F=4.9923644e-28 iters=91
0.0599999999999999492072966233990882756188511848449707031250385 0.00720929684229547403524237539832236325146753957955656632613324 0.0133747940655616515665070791485149237556272900497649875048887 0.026058075321812891294244616499293355048388624438829287181319 0.0511703530618913462628603393022086638980306478880298729929635 0.0986375133779550868194879681479859090637286573205418563914265 0.184602412069200099530048129015535503188167879200977279329789 0.310094064009981127999319205944084849545301341343051563033568 0.486410748482342793355251689958772532123552551799527593425259 0.603942087821174126594937458765584650479701848503987198785592 0.692081391513016244460842273174623424169748279454374234998594 0.771724864227570480066003338084361939959527286093413630988902 0.843049847166299486199009248213900630445865213411890942016075 0.909000801625239920261037964222748088620534670810216463330786 0.960636057859364426392700798792029359086188451433313009324817 0.986696375818369429379201260884363594867185979288903585843995 0.0599999999999999492072966233990882756188511848449707031248789
0.157777777777777794554481261002365499734878540039062500000129 0.00800215673773042936256022682333025512411162844756544779048269 0.0153186318439878199587021622583922930299871408289965913833059 0.0294407690850581844017481307036646442028753754747410868428162 0.0564904386746041084949907448659127475926714798099061724333791 0.106353701378359478073515951040756605653345522219042858555668 0.193223340792061977184676955160343716602760014198792632219322 0.322029260619291420782258100735014885791571256414143393240329 0.492478506475346961106159446886712705930893971657230350055051 0.648159442303740015338405149248223692650232852216324887726891 0.780498834753962165869218821831543155566318199437029674972679 0.854210060407035691414098173274200582639973465383612840015266 0.900548679929588001206033948157245330763620322217781682939891 0.938700264897380609363064802639239580200979787498593037801649 0.969112603028827814073584369550276301826666263429125140962629 0.98813311762339787560605367004802101331471511105193280034435 0.157777777777777794554481261002365499734878540039062499999754
0.255555555555555535818257339997217059135437011718750000000215 0.00849832437972490374202887476365066813257070769288744786103378 0.0164831986044592546351989675551647173473657923553433121014965 0.0313527508362749460911098190488859657641202869454070152220221 0.0593162957087116548687049085021254493308158693938724678949263 0.110273939551860272893338942617964592829811621163069636444359 0.197508480487282889675047521875265009060890617981280204558184 0.327418150477780614912053181629310298867364238995996360105433 0.495260048880796676483203045599801157540904213282887417079169 0.654071806709157811164977154982796229128104828672652807805121 0.786796501855378814242487058083591730039021833046540924307692 0.873708174617253023344278478515319203783904130362725884387513 0.924742091091761161302982262143809908629818845859109332540848 0.951712886035431559680541704606101748837640415953947325059698 0.973768807030344635938986164344974385760320665571454584842169 0.988927204453720436751427399579968897939792504835980018145066 0.255555555555555535818257339997217059135437011718749999999679
0.353333333333333277082033418992068618535995483398437500000285 0.00893779397624618917577306302210157586309237257139755166559602 0.0175183383982961734542430306638080322860785289797275431253949 0.0329367004930846203675071946520309959502493255119571491000554 0.0615544450909713596313411989232828126519379654959185571536242 0.113301145980341453409884447864154406805928637248420544041625 0.200766765092999818839032101111419263208968184889151004533344 0.331412941210204018790738976329896805405842724198519246514287 0.49733040877641058114696250305171122708774326917983667979682 0.658244848674496363983285268324936831692922534478211444028682 0.790518838037596685363607888261769327270829957594167657606911 0.878095307300317944746621262920147582625910476941297692537919 0.93118492352661891229665847732476648266236334766601911939249 0.960243263826894647821538645892352534614562059754223262977459 0.977138765037573773461204540051669793033575702227478103732017 0.989559692526278425842804896041857075659476692573408647474776 0.353333333333333277082033418992068618535995483398437499999643
0.451111111111111018345809497986920177936553955078125000000336 0.00938096396875180425932881647188181276531694380940236383965186 0.0186396724377510744067707093044889172654926750708615885808134 0.0344952024415815788186201382994986668962183178980281920047748 0.0636462868338613474567122604718417304784608457692932024119951 0.116035470623699727703376717903172810836808039587252728042008 0.203644945036405064782759675475024446878537738070331756901811 0.334862608859565484217026278216662124303936680041271532896626 0.499134451185059614636825736481435166574990542498236073967723 0.661790473165153795681492915630443256283910597281042897163763 0.793540122207278506214883063597880994280795769998033803004063 0.881221401246292951147583786229202853681980674191573860661578 0.934104226891399576362304384318111876193306289115264882722276 0.963609469827795558159569574801863437534774029209139133063539 0.979796988470106459798926812336292961332434986475360809903533 0.990122242826328853790583194287341625785560301788162256876428 0.45111111111111101834580949798692017793655395507812499999964
0.54888888888888898165419050201307982206344604492187500000036 0.00987775717367114620941680571265837421443969821183774312357197 0.0202030115298935402010731876637070386675650135246391900964669 0.0363905301722044418404304251981365624652259707908608669364606 0.0658957731086004236376956156818881238066937108847351172777243 0.118778598753707048852416213770797146318019325808426139338423 0.206459877792721493785116936402119005719204230001966196995937 0.338209526834846204318507084369556743716089402718957102836237 0.500865548814940385363174263518564833425009457501763926032277 0.665137391140434515782973721783337875696063319958728467103374 0.796355054963594935217240324524975553121462261929668243098189 0.883964529376300272296623282096827189163191960412747271957992 0.936353713166138652543287739528158269521539154230706797588005 0.965504797558418421181379861700501333103781682101971807995225 0.981360327562248925593229290695511082734507324929138411419187 0.990619036031248195740671183528118187234683056190597636160348 0.548888888888888981654190502013079822063446044921874999999664
0.646666666666666722917966581007931381464004516601562500000357 0.0104403074737215741571951039581429243405233074265913525252243 0.0228612349624262265387954599483302069664242977725218962679827 0.0397567361731053521784613541076474653854379402457767370225406 0.0688150764733810877033415226752335173376366523339808806075096 0.121904692699682055253378737079852417374089523058702307462081 0.209481161962403314636392111738230672729170042405832342393089 0.341755151325503636016714731675063168307077465521788555971318 0.50266959122358941885303749694828877291225673082016332020318 0.668587058789795981209261023670103194594157275801480753485713 0.799233234907000181160967898888580736791031815110848995466656 0.886698854019658546590115552135845593194071362751579455958375 0.938445554909028640368658801076717187348062034504081442846376 0.967063299506915379632492805347969004049750674488042850899945 0.982481661601703826545756969336191967713921471020272456874605 0.991062206023753810824226936977898424136907627428602448334404 0.646666666666666722917966581007931381464004516601562499999715
0.744444444444444464181742660002782940864562988281250000000321 0.0110727955462795632485726004200311020602074951640199818549344 0.0262311929696553640610138356550256142396793344285454151578314 0.0482871139645684403194582953938982511623595840460526749403017 0.0752579089082388386970177378561900913701811541408906674591521 0.126291825382746976655721521484680796216095869637274115612487 0.213203498144621185757512941916408269960978166953459075692308 0.345928193290842188835022845017203770871895171327347192194879 0.504739951119203323516796954400198842459095786717112582920831 0.672581849522219385087946818370689701132635761004003639894567 0.802491519512717110324952478124734990939109382018719795441816 0.889726060448139727106661057382035407170188378836930363555641 0.940683704291288345131295091497874550669184130606127532105074 0.968647249163725053908890180951114034235879713054592984777978 0.983516801395540745364801032444835282652634207644656687898504 0.991501675620275096257971125236349331867429292307112552138966 0.744444444444444464181742660002782940864562988281249999999785
0.842222222222222205445518738997634500265121459960937500000246 0.0118668823766021243939463299519789866852848889480671996556497 0.0308873969711721859264156304497236981733337365708748590373707 0.0612997351026193906369351973607604197990202125014069621983514 0.0994513200704119987939660518427546692363796777822183170601094 0.145789939592964308585901826725799417360026534616387159984734 0.219501165246037834130781178168456844433681800562970325027321 0.351840557696259984661594850751776307349767147783675112273109 0.507521493524653038893840553113287294069106028342769649944949 0.677970739380708579217741899264985114208428743585856606759671 0.806776659207938022815323044839656283397239985801207367780678 0.893646298621640521926484048959243394346654477780957141444332 0.943509561325395891505009255134087252407328520190093827566621 0.970559230914941815598251869296335355797124624525258913157184 0.984681368156012180041297837741607706970012859171003408616694 0.991997843262269570637439773176669744875888371552434552209517 0.842222222222222205445518738997634500265121459960937499999871
0.940000000000000050792703376600911724381148815155029296875121 0.0133036241816305706207987391156364051328140207110964141560054 0.0393639421406355736072992012079706409138115485666869906751832 0.0909991983747600797389620357772519113794653291897835366692137 0.156950152833700513800990751786099369554134786588109057983925 0.228275135772429519933996661915638060040472713906586369011098 0.307918608486983755539157726825376575830251720545625765001406 0.396057912178825873405062541234415349520298151496012801214408 0.513589251517657206644748310041227467876447448200472406574741 0.689905935990018872000680794055915150454698658656948436966432 0.815397587930799900469951870984464496811832120799022720670211 0.901362486622044913180512031852014090936271342679458143608573 0.948829646938108653737139660697791336101969352111970127007036 0.973941924678187108705755383500706644951611375561170712818681 0.986625205934438348433492920851485076244372709950235012495111 0.992790703157704525964757624601677636748532460420443433673867 0.940000000000000050792703376600911724381148815155029296874962
