# mpmath dps=60 tau=1.7075 G=10 Gp=17 F=1.3237382e-24 iters=91
0.060000000000000046351811278100285562686622142791748046875031 0.0072124556157228063351786427828333021024054451456401147637998 0.0133995216839663595394838160735653341760954973497509367212397 0.026125711873137441303589001854542350609657782163840501660259 0.0513130954725333124654072417555712409151891330074298482023012 0.0989468810861014987232033261563526822727262718234058371394966 0.185121598551924769695405487726849700195996307132144381082741 0.310618142041104672487819200506193709905702659248309063500863 0.487248602081575565899222605402305789489656833338141481252573 0.603969539639368419276170186536138512755164173755435014997413 0.691994287973285817421496319173859896111840555985852944905808 0.771760355415041883481341810997270713192303358820004671353645 0.842957157164306479828029280399523851222074773750999431177093 0.908908174056167471786793325226420538099932447327515873905779 0.960611234648076038297291842429478605032639148872490888288207 0.986702113657131488974227222618761967346141626348117521905877 0.0600000000000000463518112781002855626866221427917480468749029
0.157777777777777794554481261002365499734878540039062500000104 0.00800211328820378019418190477325603668392581910109083866579946 0.0153253285967356495275209422790851990883629294716373392857411 0.0294672186576974111397820851157789383565631566907893656255047 0.0565564351067404662452474551725968709663316952804467585069935 0.10650441882068236788955587455106542760845473203919881993078 0.193489220544258207699676165788161375293666561819092091196258 0.322332034445156834605667341192378253551920006872677465767715 0.492932960319088454545639836401741960139511598690890465787831 0.648587876225448439559679634867798785197252542416420612651196 0.781070694282945912512343276501735992594118927194892179842806 0.853845041444832787390023222504894778657997580319789535392145 0.900526508186563411574758122884811081868760646459667745043744 0.938677716362812394880749139859637971520094901563751404496273 0.969095569624943604883001915627380940086992406980602708666415 0.988135165113166760635036600774973470774306226407283929198386 0.157777777777777794554481261002365499734878540039062499999802
0.255555555555555535818257339997217059135437011718750000000173 0.0084959166349353025850690880357943761575429148838064654794534 0.0164755576385581531504934711261171847234053468308497515531634 0.0313494446219433116623151800918746489474570297089913786443731 0.0593310437517236260909894709992084650436698735431506500636921 0.110334546771293303836508556849886613108216015999062555374163 0.197643093149647084648646448265545276404351450520711091774232 0.327591966796161087869410747603363603984163984718557221170902 0.495544773098602644113863989561237201023506252246812158878413 0.654350461782185504057040994641862240597728915670743865728586 0.787164766494282334961166116862975785613144504571239815002298 0.87405126082227133314841848296856654877031341823809739732532 0.924881411694780941245296046917136219064908408996609940170726 0.951710203543225370138353696509936851396230625088436427397151 0.973762289800726548731500212352703810721237405179491241693519 0.988927659271333866603475341961252078224377630072453421309523 0.255555555555555535818257339997217059135437011718749999999742
0.353333333333333277082033418992068618535995483398437500000229 0.00893397463169527465628847827012209436305308701424099521787574 0.0174978526253342392663111213034319324248319383928547204505685 0.0329073859860706292863388028535839664789977779536670424651024 0.0615271887111073955312170279379798886844299617151145513727607 0.113289713429505168632636929482043356228399851122553895785735 0.20080020316144156188962790422120203107735457245086057359603 0.331490097091505880622712710154243868119168348959759557101705 0.497490280452643774579762771669695538817865076466438411873256 0.658419398825059034772233033053426004028359541638014009436899 0.790763127132264013261967150140899617305155159353654978915315 0.878324968496720350935501447389297916762655085868561360525309 0.93135323597284164531949207561132528822839516374977055003939 0.960326073365649219578878284006507677809833364275283607133248 0.977139514773009455258445949349559000398320524379709632245902 0.989559954009575691859890512044473523922977571430590562015047 0.353333333333333277082033418992068618535995483398437499999713
0.451111111111111018345809497986920177936553955078125000000269 0.0093769939553680053696435464321781155046753881884345389372323 0.0186081980475799096229374201883753593361609464156656572299743 0.0344394411560297707242908001116247342917300818026034863845612 0.0635778118213925623872638292741669820906672553849849682302252 0.115957235069297999951896834990780644791712765688417664410756 0.203588158714284953944846852934568826035692984659919801761415 0.33485676661445036635480845113972711954229764460109472606845 0.49918628906831421882906669742254571149470300529003638957994 0.661878061402854219178461494622722635068200641480413739118615 0.793686504645280522369721160819762926026864997962576941425939 0.881369064745149922883933939060839038497485406455344427396058 0.934217938664759966497422085473972643895005757380780326825738 0.963693044371402975109701380721365854044449595565039439194584 0.979829089433255050358457986318815159347528358482414382550944 0.990124322515097655111925629736132004085748899613469812987088 0.451111111111111018345809497986920177936553955078124999999711
0.548888888888888981654190502013079822063446044921875000000289 0.00987567748490234488807437026386799591425110038653018701291232 0.0201709105667449496415420136811848406524716415175856174490556 0.0363069556285970248902986192786341459555504044349605608054161 0.0657820613352400335025779145260273561049942426192196731742619 0.118630935254850077116066060939160961502514593544655572603942 0.206313495354719477630278839180237073973135002037423058574061 0.338121938597145780821538505377277364931799358519586260881385 0.50081371093168578117093330257745428850529699470996361042006 0.66514323338554963364519154886027288045770235539890527393155 0.796411841285715046055153147065431173964307015340080198238585 0.884042764930702000048103165009219355208287234311582335589244 0.936422188178607437612736170725833017909332744615015031769775 0.965560558843970229275709199888375265708269918197396513615439 0.981391801952420090377062579811624640663839053584334342770026 0.990623006044631994630356453567821884495324611811565461062768 0.548888888888888981654190502013079822063446044921874999999731
0.646666666666666722917966581007931381464004516601562500000287 0.0104400459904243081401094879555264760770224285694094379849532 0.0228604852269905447415540506504409996016794756202903677540982 0.0396739266343507804211217159934923221901666357247163928667522 0.0686467640271583546805079243886747117716048362502294499606097 0.121675031503279649064498552610702083237344914131438639474691 0.209236872867735986738032849859100382694844840646345021084685 0.341580601174940965227766966946573995971640458361985990563101 0.502509719547356225420237228330304461182134923533561588126744 0.668509902908494119377287289845756131880831651040240442898295 0.79919979683855843811037209577879796892264542754913942640397 0.886710286570494831367363070517956643771600148877446104214265 0.938472811288892604468782972062020111315570038284885448627239 0.967092614013929370713661197146416033521002222046332957534898 0.982502147374665760733688878696568067575168061607145279549431 0.991066025368304725343711521729877905636946912985759004782124 0.646666666666666722917966581007931381464004516601562499999771
0.744444444444444464181742660002782940864562988281250000000258 0.0110723407286661333965246580387479217756223699275465786904769 0.0262377101992734512684997876472961892787625948205087583064805 0.0482897964567746298616463034900631486037693749115635726028488 0.0751185883052190587547039530828637809350915910033900598292742 0.12594873917772866685158151703143345122968658176190260267468 0.212835233505717665038833883137024214386855495428760184997702 0.345649538217814495942959005358137759402271084329256134271414 0.504455226901397355886136010438762798976493747753187841121587 0.672408033203838912130589252396636396015836015281442778829098 0.802356906850352915351353551734454723595648549479288908225768 0.889665453228706696163491443150113386891783984000937444625837 0.940668956248276373909010529000791534956330126456849349936308 0.968650555378056688337684819908125351052542970291008621355627 0.983524442361441846849506528873882815276594653169150248446837 0.991504083365064697414930911964205623842457085116193534520547 0.744444444444444464181742660002782940864562988281249999999827
0.842222222222222205445518738997634500265121459960937500000198 0.011864834886833239364963399225026529225693773592716070801614 0.0309044303750563951169980843726190599130075930193972913335847 0.0613222836371876051192508601403620284799050984362485955037268 0.0994734918134365884252418771151889181312393535403322549562557 0.146154958555167212609976777495105221342002419680210464607855 0.218929305717054087487656723498264007405881072805107820157194 0.351412123774551560440320365132201214802747457583579387348804 0.507067039680911545454360163598258039860488401309109534212169 0.677667965554843165394332658807621746448079993127322534232285 0.806510779455741792300323834211838624706333438180907908803742 0.89349558117931763211044412544893457239154526796080118006922 0.943443564893259533754752544827403129033668304719553241493007 0.970532781342302588860217914884221061643436843309210634374495 0.984674671403264350472479057720914800911637070528362660714259 0.991997886711796219805818095226743963316074180898909161334201 0.842222222222222205445518738997634500265121459960937499999896
0.939999999999999953648188721899714437313377857208251953125097 0.0132978863428685110257727773812380326538583736518824780941232 0.0393887653519239617027081575705213949673608511275091117117929 0.0910918259438325282132066747735794619000675526724841260942213 0.157042842835693520171970719600476148777925226249000568822907 0.228239644584958116518658189002729286807696641179995328646355 0.308005712026714182578503680826140103888159444014147055094192 0.396030460360631580723829813463861487244835826244564985002587 0.512751397918424434100777394597694210510343166661858518747427 0.689381857958895327512180799493806290094297340751690936499137 0.814878401448075230304594512273150299804003692867855618917259 0.901053118913898501276796673843647317727273728176594162860503 0.948686904527466687534592758244428759084810866992570151797699 0.973874288126862558696410998145457649390342217836159498339741 0.98660047831603364046051618392643466582390450265024906327876 0.9927875443842771936648213572171666978975945548543598852362 0.939999999999999953648188721899714437313377857208251953124969
