# mpmath dps=60 tau=2.0 G=10 Gp=17 F=8.7386572e-33 iters=90
0.0599999999999999908406600468424585415050387382507324218750815 0.00718867844923525461281999540088552269001977358664604168571891 0.0132031764161306597379574703376571256217526589052047868925934 0.0255597817934350488776572401504328100199166547135795238491461 0.0501043558794153685221520235089669659842862972396828332634392 0.0965092417086243861053081383423808377320235948756221959994732 0.180710702892331514471411387973611891948589833042990536011673 0.306205036399887647561156713495046765137868342872679035716007 0.47959717181029576209699300695690494386072538520454738378331 0.603727348788250753722635520257458613973617413225545829674087 0.692370553273776653088827034753167458102454700558343259074421 0.771465519666078338744841224724927910691803720483730201840669 0.843541979380878327011473330305634783767928405518489361589109 0.909559165738509426511257797060173326927730067761342339329218 0.960779768641303725741978980910571488953889659978764660101973 0.986660848987316060023778801906821751399548770039363382179445 0.0599999999999999908406600468424585415050387382507324218747431
0.157777777777777794554481261002365499734878540039062500000275 0.00800303683437663524595450738918774346740905608416454715399426 0.0152723140373681309566855397242731719668802834354504259703039 0.0292447879912435646763034746288324310623725728432365024362907 0.0559940252055783714468127652185000720534812833112642468624532 0.105288315377717260818138104586862906688919927137683854109475 0.191209077356316983408508520878594552949776301100590790154904 0.319762014320106521656808658551864469639203971649555692224189 0.488792437682469213354237539209405778511361064924773760969286 0.644918377299084579300638252611469856102173846179434497901766 0.77612494033932273392572797257055466893688492380582767585535 0.855450306509201712304957774509647422248351767638867922715429 0.900576678456403535139391291147661241913396739082799047102534 0.938779540650190873343710463155619766126267731625731854416598 0.969206500169527579126459620013050310340943277568360675866892 0.988119142858942739053104077602876026037676523374280323677904 0.157777777777777794554481261002365499734878540039062499999475
0.255555555555555480307106108739390037953853607177734375000459 0.008514907451399949278750130563773865058334919463024598575974 0.0165392599863607949962534062211624172958667786646977540969018 0.0313786924484045453206872811838400846567340276725398489781125 0.059204597693456293325631866266952900258955220393838819641761 0.109844829737382124069339939144281950163655164695845370382915 0.196484070650760396017531592530040187294420400217672770064493 0.326111711584989527745529032530330848977337920874172347967673 0.492954868016742975336755182989395149093248859594456535160538 0.65197124982239051125199394364605491050827881752721856588631 0.783973832939493564772127297702335817920441281382830915661654 0.871251016949967649780445572110759418014709585780655529499778 0.92346429646077089203265039001260729520830778975976734872669 0.951659223913005609105110647202240926884575865028689889155144 0.973790363188956119881726880820101821375295806523271143120273 0.988923174579909154468085659389340715874253541372310116661718 0.255555555555555480307106108739390037953853607177734374999316
0.353333333333333277082033418992068618535995483398437500000611 0.00896363151035635402175182997061419372590049765062479881992915 0.0176658971146032177906139936725938052670371875960128446835846 0.0331586776456222191804703813573018658751254466217447759821005 0.0617618624454045338649432292434691431943661384907004196308236 0.113381822307883795999738126894427874795637207429531335807057 0.20051046461813393894200552113879074732526843373083099374392 0.330831321326652477374181450444229388996887297554200063087195 0.496037689374558693234293633699670512973230406349931649718845 0.656931413994969154506964015452271517118539308321799791933446 0.788650762382585637353525092960438946043354494322338348663322 0.876449249105381486992789521047569593068139464202457801757169 0.929901222392858713927818798821992607738504660508708516934624 0.959560408504363749435029890352733367431345082052720427120806 0.977108911011831905096817521501135877897456891217546803388865 0.989556292222555530812670425457339735407558547201092636682584 0.353333333333333277082033418992068618535995483398437499999239
0.451111111111111046101385113615833688527345657348632812500716 0.00940805427811969583539373391584005362502494174942005493570816 0.0188655465290412255532110951148246390342514756261223315375794 0.0349166819569554814187145469647070443889284550192064746423884 0.0641686441088669040078606588315216496233728155557140859452407 0.116592073184567788818777814616364864204815505621646212560821 0.204076028719500973451336299870625051033227740115818577195723 0.334904926183684111762385343927864122735045928356531649221715 0.498715342628514485515661425288333475801166875587519446784569 0.661131628838481168508787840586311181497962966489274299265474 0.792423832829366342317788949341830602459180427996496903450007 0.880165361761439487176444830273597022599565009422431973162961 0.93323625041770818796446902167449635339478384834316838195965 0.962978338837567468953324749425914249934729895072842171861094 0.979553469462490112830070809742450839490074535597326821170789 0.990106234564022235321851080440739783153233508902725249273075 0.451111111111111046101385113615833688527345657348632812499231
0.548888888888888953898614886384166311472654342651367187500769 0.00989376543597776467814891955926021684676649109727475072692547 0.0204465305375098871699291902575491605099254644026731788292109 0.0370216611624325310466752505740857500652701049271578281389062 0.0667637495822918120355309783255036466052161516568316180403505 0.119834638238560512823555169726402977400434990577568026837039 0.207576167170633657682211050658169397540819572003503096549993 0.338868371161518831491212159413688818502037033510725700734526 0.501284657371485514484338574711666524198833124412480553215431 0.665095073816315888237614656072135877264954071643468350778285 0.795923971280499026548663700129374948966772259884181422804277 0.883407926815432211181222185383635135795184494378353787439179 0.935831355891133095992139341168478350376627184444285914054759 0.965083318043044518581285453035292955611071544980793525357612 0.981134453470958774446788904885175360965748524373877668462421 0.990591945721880304164606266084159946374975058250579945064292 0.548888888888888953898614886384166311472654342651367187499284
0.646666666666666722917966581007931381464004516601562500000761 0.0104437077774444691873295745426602645924414527989073633174158 0.0228910889881680949031824784988641221025431087824531966111355 0.0404395914956362505649701096472666325686549179472795728791939 0.0700987776071412860721812011780073922614953394912914830653763 0.123550750894618513007210478952430406931860535797542198242831 0.211349237617414362646474907039561053956645505677661651336678 0.343068586005030845493035984547728482881460691678200208066554 0.503962310625441306765706366300329487026769593650068350281155 0.669168678673347522625818549555770611003112702445799936912805 0.79948953538186606105799447886120925267473156626916900625608 0.886618177692116204000261873105572125204362792570468664192943 0.938238137554595466135056770756530856805633861509299580369176 0.9668413223543777808195296186426981341248745533782552240179 0.982334102885396782209386006327406194732962812403987155316415 0.991036368489643645978248170029385806274099502349375201180071 0.646666666666666722917966581007931381464004516601562499999389
0.744444444444444519692893891260609962046146392822265625000684 0.011076825420090845531914340610659284125746458627689883338282 0.0262096368110438801182731191798981786247041934767288568797269 0.0483407760869943908948893527977590731154241349713101108448557 0.0765357035392291079673496099873927047916922102402326512733096 0.128748983050032350219554427889240581985290414219344470500222 0.216026167060506435227872702297664182079558718617169084338346 0.34802875017760948874800605635394508949172118247278143411369 0.507045131983257024663244817010604850906751140405543464839462 0.673888288415010472254470967469669151022662079125827652032327 0.803515929349239603982468407469959812705579599782327229935507 0.890155170262617875930660060855718049836344835304154629617085 0.940795402306543706674368133733047099741044779606161180358239 0.968621307551595454679312718816159915343265972327460151021888 0.983460740013639205003746593778837582704133221335302245903098 0.991485092548600050721249869436226134941665080536975401424026 0.744444444444444519692893891260609962046146392822265624999541
0.842222222222222205445518738997634500265121459960937500000525 0.0118808571410572609468959223971239739623234766257196763220958 0.0307934998304724208735403799869496896590567224316393241331084 0.0612204593498091266562895368443802338737322683742681455834015 0.0994233215435964648606087088523387580866032609172009528974657 0.144549693490798287695042225490352577751648232361132077284571 0.22387505966067726607427202742944533106311507619417232414465 0.355081622700915420699361747388530143897826153820565502098234 0.511207562317530786645762460790594221488638935075226239030714 0.680237985679893478343191341448135530360796028350444307775811 0.808790922643683016591491479121405447050223698899409209845096 0.894711684622282739181861895413137093311080072862316145890525 0.944005974794421628553187234781499927946518716688735753137547 0.970755212008756435323696525371167568937627427156763497563709 0.984727685962631869043314460275726828033119716564549574029696 0.991996963165623364754045492610812256532590943915835452846006 0.842222222222222205445518738997634500265121459960937499999725
0.940000000000000009159339953157541458494961261749267578125257 0.0133391510126839399762211980931782486004512299606366178205547 0.0392202313586962742580210190894285110461103400212353398980268 0.0904408342614905734887422029398266730722699322386576606707823 0.156458020619121672988526669694365216232071594481510638410891 0.228534480333921661255158775275072089308196279516269798159331 0.30762944672622334691117296524683254189754529944165674092558 0.396272651211749246277364479742541386026382586774454170325913 0.52040282818970423790300699304309505613927461479545261621669 0.693794963600112352438843286504953234862131657127320964283993 0.819289297107668485528588612026388108051410166957009463988327 0.903490758291375613894691861657619162267976405124377804000527 0.949895644120584631477847976491033034015713702760317166736561 0.974440218206564951122342759849567189980083345286420476150854 0.986796823583869340262042529662342874378247341094795213107407 0.992811321550764745387180004599114477309980226413353958314281 0.940000000000000009159339953157541458494961261749267578124919
