==================================================================================
K=3 STRICT h=0 learning iterates 0..100  (LOW tau/gamma)
  ASYM: tau=[0.1, 0.3, 1.0], gamma=[0.05, 0.2, 0.5]
  SYM : tau=[0.3, 0.3, 0.3], gamma=[0.2, 0.2, 0.2]
==================================================================================
iter  |       ASYM F    ASYM 1-R^2  |        SYM F     SYM 1-R^2
----------------------------------------------------------------------------------
   0  |   3.1260e-01      0.327337  |   2.5163e-01      0.053142
   1  |   8.5402e-02      0.147335  |   4.9656e-02      0.016508
   2  |   6.0593e-02      0.098105  |   3.4267e-02      0.006881
   3  |   4.7430e-02      0.071349  |   2.5010e-02      0.003253
   4  |   3.6674e-02      0.054047  |   1.7775e-02      0.001778
   5  |   3.0659e-02      0.042267  |   1.2504e-02      0.001202
   6  |   2.5960e-02      0.033924  |   1.1135e-02      0.000977
   7  |   2.2965e-02      0.027826  |   8.3134e-03      0.000895
   8  |   2.1569e-02      0.023240  |   5.8830e-03      0.000874
   9  |   1.9606e-02      0.019685  |   4.3712e-03      0.000874
  10  |   1.7499e-02      0.016908  |   4.3236e-03      0.000881
  11  |   1.5454e-02      0.014693  |   4.6354e-03      0.000889
  12  |   1.4430e-02      0.012885  |   3.5489e-03      0.000899
  13  |   1.3684e-02      0.011397  |   2.9392e-03      0.000905
  14  |   1.2262e-02      0.010153  |   2.3004e-03      0.000911
  15  |   1.1538e-02      0.009092  |   3.9676e-03      0.000916
  16  |   1.1597e-02      0.008174  |   3.0738e-03      0.000921
  17  |   1.2643e-02      0.007376  |   2.2394e-03      0.000922
  18  |   1.1175e-02      0.006676  |   1.6740e-03      0.000924
  19  |   1.1535e-02      0.006063  |   1.2675e-03      0.000925
  20  |   1.0305e-02      0.005524  |   1.3638e-03      0.000926
  21  |   9.3894e-03      0.005047  |   7.4887e-04      0.000927
  22  |   7.9230e-03      0.004624  |   1.8149e-03      0.000927
  23  |   7.5808e-03      0.004247  |   5.9601e-04      0.000928
  24  |   1.1597e-02      0.003911  |   4.5747e-04      0.000928
  25  |   1.3448e-02      0.003611  |   3.5015e-04      0.000928
  26  |   1.2192e-02      0.003343  |   2.6767e-04      0.000929
  27  |   1.0478e-02      0.003106  |   3.2258e-04      0.000929
  28  |   1.1513e-02      0.002893  |   2.1019e-04      0.000929
  29  |   9.7381e-03      0.002703  |   1.5863e-04      0.000929
  30  |   8.9756e-03      0.002530  |   1.2077e-04      0.000929
  31  |   7.6292e-03      0.002376  |   2.1392e-04      0.000930
  32  |   6.5148e-03      0.002236  |   1.8238e-04      0.000930
  33  |   5.4861e-03      0.002113  |   1.2144e-04      0.000930
  34  |   5.2798e-03      0.002000  |   2.1195e-04      0.000930
  35  |   6.4815e-03      0.001898  |   1.6958e-04      0.000930
  36  |   5.5041e-03      0.001805  |   1.2074e-04      0.000930
  37  |   4.5692e-03      0.001722  |   2.1081e-04      0.000930
  38  |   3.9047e-03      0.001646  |   1.7761e-04      0.000930
  39  |   3.8377e-03      0.001577  |   1.3846e-04      0.000930
  40  |   3.3933e-03      0.001514  |   2.0474e-04      0.000930
  41  |   3.8323e-03      0.001457  |   1.7439e-04      0.000930
  42  |   5.1941e-03      0.001404  |   1.2004e-04      0.000930
  43  |   6.5730e-03      0.001358  |   2.2763e-04      0.000930
  44  |   6.9037e-03      0.001315  |   1.7596e-04      0.000930
  45  |   6.7745e-03      0.001277  |   1.1991e-04      0.000930
  46  |   5.9357e-03      0.001242  |   2.0415e-04      0.000930
  47  |   5.5869e-03      0.001210  |   1.7258e-04      0.000930
  48  |   5.3848e-03      0.001181  |   1.1993e-04      0.000930
  49  |   5.4284e-03      0.001155  |   2.2773e-04      0.000930
  50  |   5.6794e-03      0.001132  |   1.7759e-04      0.000930
  51  |   4.9405e-03      0.001111  |   1.1967e-04      0.000930
  52  |   4.2355e-03      0.001091  |   2.0527e-04      0.000930
  53  |   3.6703e-03      0.001074  |   1.7283e-04      0.000930
  54  |   3.1940e-03      0.001058  |   1.1980e-04      0.000930
  55  |   3.1163e-03      0.001044  |   2.2168e-04      0.000930
  56  |   2.6698e-03      0.001031  |   1.7766e-04      0.000930
  57  |   2.3387e-03      0.001019  |   1.1961e-04      0.000930
  58  |   2.3305e-03      0.001008  |   2.1097e-04      0.000930
  59  |   2.3013e-03      0.000999  |   1.7294e-04      0.000930
  60  |   2.2278e-03      0.000990  |   1.2875e-04      0.000930
  61  |   2.8201e-03      0.000983  |   2.0718e-04      0.000930
  62  |   2.7986e-03      0.000977  |   1.7708e-04      0.000930
  63  |   2.6943e-03      0.000971  |   1.1960e-04      0.000930
  64  |   2.6251e-03      0.000966  |   2.2607e-04      0.000930
  65  |   2.5086e-03      0.000962  |   1.7400e-04      0.000930
  66  |   2.5152e-03      0.000958  |   1.1974e-04      0.000930
  67  |   2.3609e-03      0.000954  |   2.0507e-04      0.000930
  68  |   1.9640e-03      0.000952  |   1.7355e-04      0.000930
  69  |   1.9011e-03      0.000949  |   1.1978e-04      0.000930
  70  |   1.9117e-03      0.000947  |   2.2804e-04      0.000930
  71  |   1.8972e-03      0.000945  |   1.7711e-04      0.000930
  72  |   1.8754e-03      0.000943  |   1.1960e-04      0.000930
  73  |   1.8642e-03      0.000941  |   2.0554e-04      0.000930
  74  |   1.8272e-03      0.000940  |   1.7319e-04      0.000930
  75  |   1.7912e-03      0.000939  |   1.4111e-04      0.000930
  76  |   1.8429e-03      0.000937  |   2.0972e-04      0.000930
  77  |   1.8588e-03      0.000937  |   1.7696e-04      0.000930
  78  |   1.6875e-03      0.000936  |   1.1960e-04      0.000930
  79  |   1.7447e-03      0.000935  |   2.2530e-04      0.000930
  80  |   1.7917e-03      0.000934  |   1.7425e-04      0.000930
  81  |   1.7877e-03      0.000934  |   1.1972e-04      0.000930
  82  |   1.7266e-03      0.000934  |   2.0593e-04      0.000930
  83  |   1.7230e-03      0.000933  |   1.7351e-04      0.000930
  84  |   1.7588e-03      0.000933  |   1.1978e-04      0.000930
  85  |   1.6822e-03      0.000933  |   2.2695e-04      0.000930
  86  |   1.6431e-03      0.000933  |   1.7703e-04      0.000930
  87  |   1.5684e-03      0.000933  |   1.1960e-04      0.000930
  88  |   1.5955e-03      0.000932  |   2.0594e-04      0.000930
  89  |   1.4754e-03      0.000933  |   1.7319e-04      0.000930
  90  |   1.5076e-03      0.000932  |   1.1975e-04      0.000930
  91  |   1.4021e-03      0.000932  |   2.2131e-04      0.000930
  92  |   1.3929e-03      0.000932  |   1.7745e-04      0.000930
  93  |   1.3706e-03      0.000932  |   1.1959e-04      0.000930
  94  |   1.3360e-03      0.000932  |   2.1122e-04      0.000930
  95  |   1.3066e-03      0.000932  |   1.7308e-04      0.000930
  96  |   1.2888e-03      0.000932  |   1.2934e-04      0.000930
  97  |   1.3102e-03      0.000932  |   2.0701e-04      0.000930
  98  |   1.3132e-03      0.000932  |   1.7701e-04      0.000930
  99  |   1.3047e-03      0.000933  |   1.1959e-04      0.000930
 100  |   1.3084e-03      0.000932  |   2.2624e-04      0.000930
==================================================================================
